26 38 6 15 25 36
01001001100110111000001001100011110000
01000101100000100000110011100110100010
10110011011010000011011100010101100100
00111001100000101101011111010000000000
00111100110110001110001011100100100100
00011001010010000011010110101101010011
01100010110011101101011111010000111011
10000111011011011111100110101000010000
00000001010001000000010101001100000000
00100100010000110011100101111001000100
10101001110001001011100110110001100011
00000000010000110110000011010001100000
01101100001001001010101110011110100110
01111000001110010100001000001011011000
10000110011001011100111000100011011000
11000000000010010010000001000010100000
00101010000110000000001010001111100011
10000000010100001011010100111000110111
00000010001110110101000011010000000011
01111100010100001100011011101000100011
00010010111010101110110110000011101011
01000010110110000010000001010101000111
11011001001001100010101100000000000010
10110010110001000011110110111111001011
10100100101001011001010001101000010000
01100000110001100000010111000101000101
