49 41 14 32 40 13
10001000001000000000000011010110110110000
00101001100011011000101000110001101111111
01000100100001101101010010000110010101000
00110001000101011101111100100011011101100
00001011111100100011101010100000110000010
11010100111100110001000010101001010100111
11001011000011110111001010001101001101100
10001101101110100010110001110001011010111
01100000110010010011000011011010000100001
10010010010010100011110010000100100011000
11011110010100100001010110000011000000001
00010011011000000001101111010110001010100
10001101110000010001101010110100111101111
00110101011001010001101000110110000010010
11010100011101001000001101001000011011110
10100101011011011100101010100011000000010
00110010101001100101010101101011010000101
01000101000011110001000100001110100000000
00011111100101111011010100110010001110010
11010010111000111111000100100000010001110
10011010011011011000001000011101011100000
01011001101001011000000000111010100001111
10001000110110011111010000000011111011111
10111100101011110000011110001111101001110
00011111010101100000110010011101000000001
00000010011000010010010000110000100000101
11000010010001011100100000011000001100110
11010101101000111000000000011100000100110
00110100110100000000101100000000001111000
11100110110000101011001100011100101100001
10101000001000101001110000010110000101001
10000101010110101110011001011000100100011
10100010010000000101111000111101111110001
00100101010101000110001000100001010101001
00001100000111001101001100101011101111100
01101001101001100001101100010000011001110
11001010110111000000000110111001010100011
00000001000000110001110101100101101000000
00000000000010100101101010000101110010011
01101011110101010000100100011100001101101
00100101000101000101110000000000100001111
11011000011101000000010111000111101110101
11010000000000101100000010001111111101011
00001001000001001110010100000100111000111
00100100100101000101100000100111100010101
11100010000000001110010000000100000011001
01100001111010001110101111001111001100110
00000100101000101101100011010101010101000
10100101011110111000101101101110101111001
