41 43 2 19 24 40
0010000010001001101101010001001001010100001
0010001110110100100001010100101000101010000
0011011001011010110000101100110011001101001
0101100011000101011101001111010011011100011
1100001010011000100000100001100010010010000
0101000010001100010100001010111011011001010
0001001101001000101100110010101000011011010
0100010000001110010010110011101100101001100
1001000010010000001101110000111101110100011
0101001000000001110010000100010000000111001
0000101100111100000100011010001100100010101
1110001001110101001000000011110000110011101
0011100100110010111000101100101000010000000
0001000011011000100000010111111000011101101
1011100011100001001000100001101101001001011
1101110001001001011010000010100110110101101
0000010000000100010100100010010000111010000
0010000101000000111110000010000001001010110
1000110100110011110110100101111100010001011
0100000111100100010110000011010100111010011
1001000000000001001000110000001010111110110
0110110001010111011111110010111100000100110
0000111001001000001110010000111001000110000
1101001100111100101101001000000110100110000
1100101101011011010011010000000001000101001
0010111101001110010101010101010000000000010
0101100001000110000000000010100100111001010
1110100001001011100000110001010010001100000
0100000001110100111100100000001000010001011
0101000001001000000110000110001001000100001
1000111100000010101100100110100100110110100
0110001010011011110101110100011011100110101
0110011111000001011110111010101000000100000
1111101100100001010110011010100000111101010
0011000101101011011110010000100010001001100
0101011100100000110000110011110101001110100
1010011011001100000110100011000110001011110
0100101110100001011000100011100001110100010
0010111100100000111000011000111100110000000
1001100110000001110010101110000000001010101
1110010000101011000110010010110110000010100
