49 48 7 4 49 40
001110100111001110010001001000100101000001101001
010111001100001010100101101010010110001101001110
001011011001011000000001100111011100100000011001
010101011001010100010100001100111010000000001001
101010110111111000010011001101110101000001000100
010101000010010100100001100001101001001100111100
011000000110101110010000000000110001100100010110
100011000010100011111101000100111101010100001111
000010110000011100100001010000111011011001000000
100011100010101000011000110111111011011000010110
000011111101000111100000001000101010101101101110
001010110000001001000110111000000010000110010000
011001010100011001011010001000101011010011111001
001001011011111101111000101000001010000010110100
100010010001100110111001000010010111001010010101
001001000110111101001110101000011010000000101011
100110001000110000011110101000010001001001110011
010000000000110000001010010001000000011010010011
001000010010000001000001010000010011111111010100
000101010111100101111110111001110100111010111100
001001000100101000100000000100111100101001111100
100111000001100000000000000011000000110011011010
010001000010110000010011000000110100111100010000
100100101000010011010110100001001110000010100011
100000101110100010001000011000110101011000100011
100001101110000100000010100100111010001000000010
000001000111110010100001000011110001100101111000
010111000000000000001000100100010111100010100110
010101100101101101101000100001000011000011101000
001000010010011010011110011011010100000101000001
001001010010001010010100000101011110000111100111
111110101000100010011101000010001110001110111000
001101111100110011110100000001001001100010100101
100000110010000110101010111101011000001011111000
111001000110000000001111101000110110001101010011
000101000010001110111000110000000100000100001010
010011011000001000111001111100000111100010010000
100000010000100000000001001110001010011000010100
111101010001110100100101001010011000100101011000
100000100110101101101011101100000010100010111101
000000001010101110010001011010111100101101100010
110010010001111110110000101011000001100000001010
001000001000001110000101111001100000101110000100
000000001000110011000000100010001010101110000001
000001011000001000110000001000010000110111110001
100100111001111100100010010111111000000010100001
001111011001011011100100010000000010111001000111
011101011010000010101011010101110000111110100011
000010011010001011101001011001001000100000000010
