42 45 18 43 8 4
101010101110111101100111000001010011000010110
011111101010110001010010101100011100011100110
100011001101100001101100100000010110111010101
110011001100000100000000110010010110000101111
110100010100110010101001111001100100100010000
001101000000011001011100100001011001010111000
011000011010010110100110100001110001000010010
100000011100100001001101010100000111001111100
010001011000011000010100011010110101000001111
100011000000010110110111000101000110001110000
000110000010101101101110101010000000111010011
101110011011010101011010111000010010110000010
101010100000101100010011101010000110010101110
110010101001011000010110110001110101010100001
011001001100111001100111111001010011000000101
000110001110100110010101000011000110010010111
010100111101000001011100100000101000100000000
001101010100011111011011100101101001110101000
111000111110111011100011001110110011111001100
000000110001011010111010110111110111101100110
010000010011010010011010110111100100100011110
100001001011101000001101001001001000101001001
010010100100001100001101100111010110010000110
001001100101000001100001000110001001111110111
010010111010010010100010101101100111010101001
110010001110000001000011100101100101100011110
001000111101000000000110001000011000011000000
111011100001110100001110010110100011011000001
001011100011101110100011110101110010000111000
100110001001110001101110010100110010000000010
111011001011010001111111100000001010011101011
001101001111000000011010011000000110110011001
000011000010110000110100110101001000111101100
100010000100111001111011100110010010011110110
011100011000010000001110001101100000100000100
001000000100001100010101101011110000111100000
000000111100101110010000101001101001011000101
010001111000010011101000101010010001010000001
100110000000011101010000010011010010001000001
111010101111100100000100000100011011000110111
000110011110011000011001101010001000001010110
001101000010001101101000101011000001110000111
