50 50 39 40 6 16
01111011111100001010000000110000110010111100010101
11010110011100001000100101001000001010000010101100
00100000110000100101100010001011111000000101000101
00100101001110000000100010001010000100110011000010
11100111101111010101000101010101010010110011110000
00011101010001100111011011110010001101000000010100
00100000000000011011111011000000101100000110110110
01011000000101111010010110000100000010100011000011
00011101011101011011111101000000010111110001101000
11010001010000011011001011110110100001001100111001
00100100001101001000000000000100010000110010111010
00001000110000100011101101010100001010001011000011
10000000111101001001101000000001000110010100000110
10111111001000111000011101111001001000101000011010
10000000000010110001111000100011111011000011100001
00001000010110101011110001100100010001000111001100
00010010000001011101000001111101010000110001001110
00111010001111000011101100000000010100101000011100
10110011000000111111011100011010000100000110111110
01100100000000010101010010101000110011000000111000
00100010110100101110011001111001101000100110001010
00100000000011010101010001110111001010111010000001
10111001111001001110001011000000110110110000101111
00000000110000010001111100010011100010010010000011
11011110101111000100000000110101000101000111001110
11101100000010110001010100100011100110000010110110
11110011011010100111001100000000000100011001100111
00100110100110000010000111000101010000101110000100
00000010111101000001011001010010000000100100110000
10001010100000110000000000110000111011001000101100
10001110100000011000011000110101001101010111011010
11000011100010011111001001010110010101011001001110
10110001100110000010101001111100011001100000010010
00101000000001001011001101001000101010101010010010
10001101000100010100011111000110011110010010000100
00100100111100111000001110010001110101001001101001
10111010000101010110010110010011000010110100101001
10001011010011011000000000001101100100010000000010
10001000001011000101011010001111101010000010100000
01011010010101110111101100001100000010000100000100
00100001100001100101001000001110010010100110011000
00000010000101100100000100000101010101000100101000
01110000000111001110110010000000110000001101010011
11010010011000001100100000110100000101101100110110
00100001100001101011100001000000110001010000010100
01101011011000001000101111001101001101010000110011
11010100011001111100000000001110110000110100001011
11000001100101011100000010001011101011000110011011
01000001000010000100100011100000000010011000000001
10010001000110010100000111010111101001110111100010
