50 50 15 33 44 12
10001010001101001101100111110101101001111110111101
00000100011010010111000100100100010100110111110000
11100110110000000000101001111011010010010010000110
00010111000110010111100011011000101001110000001011
11101010000110110010101010000000000011111101110011
00011000100000010111111101001011110010000010010000
10000010101000011000001000011001101001000111110010
11101011011010000110000000000111001000111011001010
10111010110010111100010111101100101001110000010101
01100010001101110000001011011000101000010100000110
00111110001011010100100000000010100001100010011010
10010010011110010001010101110011110010001010000100
11010001110101000111100100110000001000000001001100
00010110101001000000001001100100000011000100110011
00101101010111000000010010110011000000110000000000
00000110010110110001000110000010110110111010010011
00001011111101010110100010011001011100010100100001
00001110010001000000000001000011101010110001011100
00110110001000110000001000100001000000000011000010
10001101010100000001000001000010010111000101001101
01000001000111010110011000100110000101000000100100
01000010001100111011001001011010100010100001101001
01100010010000001001101100001101010000110010000010
00100010000100000001110011110000000001010000100011
01000010100001101000111100101001010101010001000010
00000000000011100000100100100010010000010011111000
11001001010110000011100101000101101100000010000101
00001101010100010010000101110010111011010000011010
00001101100001000100110100001111001001100001111001
11101010000100000000110001000100010000000101111100
00000001010101111100100000010111000000100001000001
00011010000000011010010011011101100100111001010101
10111101001111000000010000001011110000000101001100
00010101100010101110110010100001011001000100000100
00101110100000000000100100010111010100000101110011
00001001110010000100100111010000001001100100001000
10001011100101010001111000000101010101001001010110
10101000010100101000001111100000100001100011000011
10000001000110110000000000011101000111000001011010
00100100111000000100100100000011010001110001000111
00001100110000001010100110000001101100000100001000
00110000100000111101000100101001001110001101000000
00110011000001001111110000110111000101000001001011
10001001011010000100110000001110000000001100001001
10001000000010000000100110010110010011010001010000
00000110000001100001001001000000100010000000000001
00010101001001000110001011010111100101010100000110
01000001100110000100110101111010100110010000000001
00001000101011110001100010000011100110101000111010
01101001001000000100000010100100100110001000001010
