50 50 10 22 34 48
10101101100111000100001111101000000111000101001000
01010010101101111111100010010100111111001000011010
11110110011001100010000100010101111111001110101101
01101111001010000001101010101000100011100111000111
11000101011110101001000111010001010100001101110000
11111000000111111101111101000010001001000011010101
00111000101110010011100000001001110011000011110001
00100101001110100111100101100101000010100111110001
00000100000000010110010011011010001001010100100110
10010101111101100111000111111001100111110101010000
00000000010111101111010110101100010100001000000001
00010010110111101001101000011100111100110011111001
01100000100110001010011011110101000101010011001000
01101011100110100001101000101110000110101100010000
00000110001111001010111001010100010011000011111000
00011010110001011010000011111001010010101011000011
11010101010111101101011100000001000011010100111101
11010110101000010010000000100001110110001000000110
11101100110111000110011001100000010101010000001111
01000001110001000000001100111100010000000111100100
10110001100111101011111011001010001010010110101101
00001010000001110000001111111110100100000010111110
01111000010000000010111000010011101000100010001111
00001010001000000011101001001010000010101000111100
00001000000100010101110100110111101100001000011100
11100101010000010110100111011011101001000100000111
10101100011111001001100011000110101111110001101111
00000000101000111000011110001000111100100010101111
01010100011100101111000001111010010010110001110110
10000011110111010001000111111010000011111100010101
00000001100111101110000100010010110001000010001001
00000110011000100010010101100010100001110001100010
01101100101100111110010011100001100010011110001010
10000000111000111000110011100010011011000010100001
01101010000000010001010111001100001011110100011110
00111100100110011100010101110110000111011100011100
10001111011010000100110001101111011101000000001010
01000000010011011011001000011000000100001101101000
00011001010010100101101000011001110110010100001110
11011011010110000000011001111000000011011100110100
10010101010010100001000101101010010111001010110101
00000100010100111110100011000000010001111110001101
00000110110100001000000000100101100001100011000111
11100101011100000100110111101101001101000011000011
11000011000010001011010101100010101011101000111110
01000111000011000000100000000001001111101101110100
00100001110110001010000110101100101110001100111011
00111011100011111101010100010100111111010001010011
01011000110011010010101001010001010000110011110001
10100111111100110110010110101110010001000000101010
