50 50 46 48 8 34
00011100101101011011011100010000110111000000100010
01010000000001001000001110011110101011101001010010
10101101101010000101110000001111100110011101110101
11101001010110000100011000100010110001011101010101
11101010100010001010111001011111110100101110011000
01111101001001101000110100110111111110000000010000
00001110001001000011011111100011101111011101001001
00001000001000100111000000011011100011001010010001
11000010001001010100101000010101100010010111000101
00011100001000001000011101100000100110000011001101
11110011000100111000011100000111000010001000100111
10100100010010000001010010101010010011100001010111
01000100101011101100111000011100010001100100110111
11100000001110101000001101010100100101110001000110
11110010011101010111000100010010010101001000101110
01000011110100011110100110110001100000000010010011
00011110011000011101010010101101001000010110101000
00101111011100011110110000011011101011110101110110
01111110110111001101000000000100000100010000100101
11010001000000011000010100100001101111000010010000
00011001010100110001111101001010011100110100100011
11001100110011100100111111000001001000110011100011
10111010010000100000010000010001111010001011011000
10111100100000010111001110000001000000100001101000
01101001011011000111011001100000011110000001000010
11100111110111010010000010100001111101011011000111
10101000100110100000011100001001100000101111111110
11101000100100001011011011001011110000011010101010
11110011101110100001110011001001111011010000010110
11010111000000000110111100000010001110101001110001
11001110010101101101001001110100111000100010101101
00100000111110001010010011110100000010101010011101
00100011100100111111101000111010101100101100101111
01010011101100101000110111111110000011001111101100
00100101000110110011001000000000100100011100000110
10101101010111100001110000010001110110010010001000
01100110110000000011001100101111101001000101101110
01101111011001100110000001001000101100100000010001
01010011000101000101100100100100011000001101011100
11101011001101111001001111010110101010110101000100
01111100000001011101100111100110110000110000100010
00100010011010010000101010111001011101000000011001
10111100010000000110110100000111000111001001111010
11000000111011010101100110101111100101001100001000
11000111100010011111110100010101111000001111011010
00010111100000011011011110001100000111000001101011
01100110110010110001010101110100101100111100000011
11001010110111001111100010011100000000110000111000
00110111011100010110010101110100010001100010000000
11000010101110110111100011111101000110011000010110
