50 50 6 9 32 49
11011101110111110110001100100111000010111011100101
11111100000101110011001001101011011111111011011111
10111110011111111111000110101000110111100101110010
11011010101011010110110101010110011111110110101100
00001011000101011001110011011101101111111011010010
11011110011110111111001111001001101011001111111110
10111001010101010101111100011011000110110000100101
01111111110111110011011011010011111110011010000101
01110111100110010011010010111011010011111001011101
01111000110101101011111001011011111000110000111001
11111110001001110011011101011111011000001101011110
10000010101111110011000010011001111100010011111001
10111011111111001101110111001010011010010100001110
11010111100000100100010111000001101111011111111110
10011111111000011101101111001011011001010010010111
11011001110011111001011110111110011100010111010110
11101011110111001001111010101111100101100011011000
11010001110110000111101110000010011110011100100011
11111000111011011101111010001110000001110001111011
11100011001011110010101010101110001001100010101111
10011100110000001000010101001001110011000101111100
11100011011100110000001111000100110000111001001010
10111011101101011101111011110011101101011011000110
00110101111111110100110110111011100110101110100100
00011111011011101101111001010101110110110111010111
01101011010111111000011010101001011001101111111110
10011111111100001010010100100101000110111100010010
11011011101101010101100111101001010100110011111011
11101100110111110111101101111101011011111011101010
00111100010101110100011110111011111011010111001110
01111110101101011001001101111011110000110111011110
00101001101011000111111000010001101010111110100101
10111011111111000101101000101001011000101110010011
00011011000001101111011011111011110100010001010111
11110011100111110100010111110000010010000100000111
11110110000000111000010100111101011001010111110011
00011101111111110110110111010001001011101111101100
10000011001110111110101010111001111000110111101011
00010011001110101110110111110111000100100001110101
11111101010011110101001001100101110110110111010110
10111101011101110001111111110011111001010011111100
01010000000011111101110101010101011100111111000101
11001100010111011110111110001010010010111101101101
10111010111010110111101000111101110010110100111111
01011111000100001110101100111000101100011111000111
10101100000110111001110110111000110101011001111011
01000000111001110001110101011110000110111111001011
01101110000111111001101011001111110111110011011000
11100110001110010010000100000101011111111110111010
01101111110111001101011001010001101011111110010101
