50 50 43 7 10 42
11101111101010101110111101011011101110011101111000
01111100010001101111111111101011000111111100100011
00110111110000100000001111011100011001111101011110
01110011011010110010111101111101111100111101111010
10111111101110001100110010000111111011011010011101
11111100010010111001011111111110011110110011101011
11110110011011110001110111111001101111111110010110
10011010101001100111110110000001110010100110010011
10101110101101100101000000000111111110101101101100
11100111011101101101011110001100111101111000011111
11011111110100110100100011111110101111110001111110
11000001111011011010101001101100011101110011110111
10110001010000110000101011101110111110000111111010
01011100010001111111010110100111110011110000001101
01101101101101101110011101010010011010101110001010
01110001100011001101100100101011001100011011010000
11011100100001010001000100010110101110111011000111
10110011111011110101001111111100011111111000010100
01010111001111011010111100110000011000001111100101
01111100111111110111111101101101111111000111111110
10110101011101000011000111101010000010011011010011
00011111011100111011010101001110100111100011101101
01100011010111111010000110110101110111110000001001
00110101111101101101011111101111101100111101011111
11111010111001100011011000101111100110010101101111
11001011011011011011110100010001110011110111110101
10001000111111110111010011011000011110110110111111
10011110111100011001111111010101101011001110101011
11001111101110010101110001001100011100010010110111
11110001101011101001001111010111011100001111110010
00001010111111111010100011011100000111111100111011
11111000000010111100110101111110001011101011111101
11010000111101000000111110111101100111110011010011
10111111110000010111011111110110111010111111111010
11111000110000010111101111100111100111001100011101
00000110001001110000011000000000000011111111000001
01111111111010010111100111111010111001011001000011
00100100100111110001001011110111101111100101000100
00001110010110001111010111101100010011111101110001
11101111101111101100110011010111000111111111101110
01110111111101001111010001101001101011101101011011
11010001111110101111110100101101110111101001001010
11010001011101011011000101000110011001101001001101
10101111010001100011010110011101111110010101110101
01111001101110111110101111110110110111100110101110
11011001010011011111111001100000101011101100111000
11110101110101111101100111010101100000010000010011
01111100111111110111010111101100111110011110010111
11001010101011000111000110101101111011110011001010
11010101001111010001001111100100111111011011101000
