21 34 9 33 13 2
0011001100100000000001010010000000
1000000011000011000110010010010001
0110110110000100101000000000001001
0001110110100010111110000100001010
0110011000000101100010110000100000
0110100011000011100001010010110100
0000001001000000001010010000000010
0010000010001001010011100100101001
1000100000000100000000000100100000
0001000000000100110000000110001111
0110100001010000100000110000101000
0000101110000101110001011100000011
1010000000000100000100111100011100
0111110100111101110110001100011100
1010010110000010000101000110010111
0010100001010000110001000001110101
1100111000101011001101111110000101
1011000110101100000000010001010001
0011011010000101100001000011010000
0001011001001010001000001000010110
0000100100110000001000100100010010
