100
143 13
132 26
89 27
23 30
45 31
85 31
139 11
48 23
28 28
106 26
119 35
96 34
78 28
50 10
106 20
121 25
93 35
42 14
118 15
75 15
102 19
27 23
73 24
110 14
38 33
74 13
136 23
107 10
149 20
30 35
68 24
136 30
142 26
133 26
136 11
35 23
116 26
35 19
17 20
67 11
28 39
93 35
92 26
39 31
117 21
123 15
76 15
121 28
86 18
103 14
98 38
80 20
83 33
108 18
43 18
23 19
125 15
75 15
77 29
95 13
49 12
134 20
34 13
57 32
105 16
116 17
92 26
22 11
111 36
142 12
35 17
105 13
16 11
17 31
138 27
116 31
111 34
42 23
102 12
103 14
79 35
109 13
10 22
140 25
149 24
62 39
133 11
77 39
63 20
59 15
35 18
114 34
26 14
28 23
137 23
48 34
16 11
37 12
16 12
47 10
150 10
