100
6 2
1 1 4 5 1 4
54 10
9934 3761 8964 3380 -4572 3504 3498 5684 4102 1867 7757 1400 879 5377 5057 9869 -1205 1034 3127 -1880 -3608 1255 7825 2842 -2730 970 7550 -4519 7482 7013 -2636 -4639 9996 86 2823 7000 3712 -3711 8779 6044 9897 5490 8772 8758 7284 396 4783 3672 -159 970 2674 5442 -2888 -719
33 17
4477 3328 2700 6327 -1636 4475 -4224 -3299 219 -2367 -3431 5013 -722 3646 -3889 3081 1349 7522 2120 -4083 882 5491 -317 -2480 7945 2634 3170 -4136 1410 3234 -3780 79 2736
23 12
-3141 4236 7417 9447 7836 5878 -2787 -3494 947 -843 1316 -1715 -4249 4109 -1928 8848 -2891 9076 -915 -1115 8149 -855 4535
89 41
4908 515 9176 -3336 7614 4158 4134 6121 -3750 3390 4794 6612 2529 -3768 9078 9759 -3215 -1398 5971 6085 9491 -3015 6470 -2772 1571 11 -3058 7785 -3280 9070 -2094 -3600 5273 3963 1643 -2028 -4685 -2760 -2528 7012 1651 -2726 2331 5167 988 1327 1420 8972 107 -2305 4692 7221 -814 5043 -1724 119 -3598 -3181 1362 5413 1779 2151 -1756 -3271 740 6683 7508 -3239 6889 -4121 9697 2399 916 2119 8867 -4804 1273 3885 313 3678 1943 7585 9870 2419 5396 8607 9275 6844 3334
84 9
8513 6916 -848 -4287 5579 3203 -4855 -1691 7124 5837 -3554 8879 -431 -2459 116 5622 -1596 1981 6719 5022 9042 9182 -1252 -567 1833 2993 -2506 -466 6087 538 8289 8421 4266 6831 3414 2966 6796 1834 697 8553 -2467 -964 476 4170 2375 -1026 1704 -1242 6944 -1151 -2279 -3952 4946 7539 -1567 1695 9768 2844 2823 5656 3846 -806 -2230 -1808 8679 6141 9097 2238 2665 3068 987 -1680 -1156 1219 3205 5575 9220 1655 5775 1830 -850 -1544 -1732 -3799
83 34
7061 3019 4847 -4788 4350 5582 7477 3040 1329 6827 3236 8212 4634 2776 3646 -2396 207 3533 5478 -914 2668 -1052 4064 4962 7306 3770 6576 980 4967 -4789 9291 -1243 8796 -2008 -3414 -2629 5812 -3402 -4272 8992 9646 -4410 -2758 8853 8291 -4829 -3303 4874 9990 -1463 4832 501 6825 676 1787 4190 2271 9166 8455 3801 6175 6809 -4514 2138 6418 -3983 -3420 4433 2756 2897 3381 -3139 -4935 3586 3844 3688 6997 348 5531 4063 -3514 5226 2002
14 14
-3538 -4739 7062 1371 7870 6382 -1475 4693 1486 8534 4515 9832 8396 -2794
25 22
3356 -97 -4785 -3006 8095 -4232 7499 9925 -3212 5564 -3078 -494 -666 2391 4966 -4966 -246 -4429 3089 3228 154 8685 8868 9954 8386
56 9
-2105 9200 6049 1003 2221 -4609 4497 1509 480 8172 -4300 4873 -1263 2780 7750 -4052 2575 -3528 7729 -3964 -551 4088 -4560 5038 6315 306 5025 9013 -2544 -351 9204 3429 5021 5722 153 6771 4423 1063 8589 7957 -4885 -4891 -2409 -4484 4243 -2796 2008 5185 278 2822 4614 -3719 -4263 6224 6952 4574
47 45
-3104 -4515 7278 6363 -389 -1787 7887 -1118 8916 -1524 -52 6026 8075 5918 1747 1404 7959 5782 3915 -4932 -2176 9477 4493 1931 5822 5784 -2526 -3273 7763 1630 8217 8607 5764 5617 8371 309 -2404 9091 5738 6723 3754 -787 7406 -270 5303 -1977 5800
70 14
6073 -2272 -3415 2097 2503 5089 776 -1822 -367 -3556 -361 7794 6352 7277 1658 3091 2381 -4815 905 6787 3294 5992 6457 1749 3965 4405 8266 1128 8239 -4009 7538 9965 9802 -1522 186 -56 -3132 4118 6578 -2692 150 1936 108 1431 -177 1808 4658 -3518 8546 367 -1183 5324 7201 7333 8786 885 582 5289 3308 7855 9283 8026 8869 9213 -643 6585 -2607 9384 8419 7766
56 47
7996 3988 7552 9784 7829 3735 7498 3613 8044 4256 52 2140 7981 3371 -918 7915 -4453 7634 -884 -140 1021 -179 4763 -3614 -2902 -3367 -1664 4985 -845 1733 3236 3158 -4289 9500 4139 -2342 1337 -2563 -494 6133 4309 2171 881 -991 -3730 8028 3874 -4986 -1194 -1870 5984 6342 -1457 9113 -817 -3771
41 15
-2538 2516 -2803 1308 615 9621 -4640 2076 6264 -223 -4962 196 6436 -3049 210 7196 -3776 -4610 1126 4125 5649 -1284 6679 9033 -4039 -3324 8359 9338 2163 4908 -4589 9868 4992 -2479 -652 -4757 3079 3761 4836 5127 8074
80 28
7394 4403 -3810 5706 8877 -174 7430 8556 2482 1148 2715 6925 5422 -790 4856 6320 6709 1066 6759 6509 2722 3787 9414 9615 -210 9032 931 3996 -694 6315 8824 731 303 -3889 4805 4896 7299 3851 2604 3391 -4705 -463 5414 -3563 7664 -773 3177 -1007 1507 5340 8990 -808 4599 1271 9334 -2346 -2857 5704 6290 -217 -178 -260 8787 2392 -1083 -2062 -4550 -981 2339 8157 1815 -90 -1340 -1769 5157 -2888 1630 5067 5485 4655
15 13
-3030 -3243 7841 -2718 5057 4427 -975 -2412 -586 -573 -2095 395 9844 6777 -1391
17 17
-3770 3073 7851 2776 -828 -195 4815 462 7652 6412 4625 9215 8437 -3473 821 5756 -721
84 1
-227 3591 -2922 5932 6 3318 7386 -1115 2663 2886 7262 -2052 864 186 5204 6262 -4676 -2493 -199 8591 882 4414 6670 8958 -4609 8921 8634 847 6696 5414 7816 7626 -2218 4431 -4835 1299 5043 2140 -1625 5071 -1481 5465 4656 3326 -2290 -1880 388 3147 4868 8331 5643 1010 -316 6890 924 262 -977 1691 -1834 1387 -3147 -646 702 7656 -1625 -103 7860 318 3633 9269 5691 -614 9400 8465 5858 6779 418 8535 -3230 -536 -1786 5852 -4169 5929
96 32
6530 354 5766 2365 -105 -2857 2135 -1375 2547 6700 -1256 9485 8578 -2433 -3917 6972 8245 4866 -1729 1057 -1003 4327 722 8443 8373 -2064 1364 6841 3957 9830 2565 8358 -2647 6286 -1549 -4252 6986 -632 -3421 9634 8943 -114 116 539 1909 -2989 1962 5472 181 8865 7347 4347 1565 -1613 4448 -4211 8673 8467 6023 314 3675 -1619 3413 6218 -606 8093 1478 8093 -1421 6469 466 -2253 85 3249 8514 -4722 2992 4841 4211 1402 9795 -1884 -3406 4763 9313 7715 5725 -3473 5301 2689 3675 -422 6801 5496 -1157 2540
16 9
-1509 6060 -1187 3668 150 1671 8601 4963 5148 3207 4964 6340 7842 2415 -1948 -1653
82 33
9439 9677 4964 2447 9625 -4259 -2274 1234 -853 -4486 9205 7224 1719 -670 9008 -443 5062 9463 8962 5739 -1713 -546 3167 3447 -985 1964 -1405 4438 9383 -13 1347 -1420 8955 -3859 1054 9002 268 4393 -3618 -2035 -1578 -2940 -3006 7692 9632 9183 965 1616 -4843 -1514 7913 1939 3258 -1066 -3673 2069 7909 -4782 -1770 3455 3293 -4991 2569 2371 -2953 -2986 -4016 8296 1566 4254 1460 3186 -2288 5217 8529 3209 -1415 -2361 2451 5181 102 3577
19 7
-624 87 3388 1238 4253 4604 2976 -3219 174 5237 3453 2547 -4806 -1836 1981 -2353 1880 4605 2577
89 69
4240 1936 9411 3285 -2196 9702 -652 7369 2065 -2182 3485 2261 2094 3592 4089 -4153 5057 265 722 3870 -3246 114 4381 1791 8280 5199 4551 8690 4413 -863 -4027 -3152 9639 -2456 3108 4079 -1592 -2794 3183 -3933 -3569 9399 9553 7116 -2624 -984 8803 2052 5328 -1529 -1632 6327 7243 2723 -1529 9426 -988 -752 9694 -4644 2185 7574 5237 2438 -4842 1582 1844 220 665 9249 -3886 5918 -2939 3045 -2270 630 -4706 3214 -359 455 1217 -831 -3881 8287 -4376 628 -2779 4693 -4597
54 40
8996 8007 -2899 -690 2139 3686 1882 7993 -3067 9810 -1548 6233 628 1195 4367 6406 5050 9767 -4345 1278 5639 8921 -1199 -1980 -2384 6830 -635 4746 4360 7289 -2047 4648 5814 8688 3304 -605 6218 3690 5335 9729 7152 4600 -2642 9914 66 4833 -3399 6908 -3849 8582 5375 916 -2000 2639
17 1
6900 9522 9848 5344 -3541 8161 5840 8176 7255 3521 973 5187 8688 7190 6199 -1589 6121
68 6
1111 8015 661 -510 9926 2708 -4475 -138 7878 2719 -412 9425 -1422 -3664 6573 -2813 578 -1840 1381 -4206 8257 2199 -2581 -4916 6116 2086 -60 -1458 3493 -2574 -3477 -1569 8800 7459 1630 -3771 5075 947 -4894 2730 3062 5770 5365 -1706 -3160 8293 -931 6048 619 604 1355 6666 -1089 3012 5033 -2620 7498 4554 2122 9576 6734 4503 -4422 -847 -298 4447 -3708 7801
33 12
5652 -3941 7863 -3285 5670 6883 8606 8210 -3864 -920 -3489 548 -403 4944 2199 8600 9580 -4009 -3870 6484 398 9216 3106 -1236 -2484 -4162 2027 4728 -1319 -4364 2221 -1791 1485
49 19
2135 330 966 7807 380 7319 5859 -2358 861 5500 -2082 -2872 1798 -3153 4076 4770 1260 5769 8541 3204 1152 -3752 8964 2602 -2997 1262 -547 -871 702 -671 4002 3889 -2477 8004 -2003 8150 9284 4642 7216 9328 -1612 8419 9993 4406 5021 -4733 -1274 -185 9272
11 5
1132 6418 -1976 -2612 5619 -106 -1717 5466 2263 8881 9922
60 6
50 4397 -3081 -3703 -4863 6206 9707 772 7155 -2607 904 -883 -1192 4535 2809 5278 1664 -3240 1604 4792 2812 90 1189 -4882 9187 7677 7394 4761 7535 1630 6807 5028 -1663 3313 -3166 8067 6481 8980 -3844 -3005 3779 962 3895 -1672 4856 5469 6744 4132 5169 8874 3931 -3535 8677 9054 4715 -2489 -1265 6141 -3672 6120
78 38
3622 3252 4709 3728 -4810 4096 -804 -3474 3327 6422 -2016 -3305 -2877 6837 2941 7786 3322 2306 7616 1858 9953 4962 99 9457 8723 -352 8730 9981 6639 2737 -4385 6549 -1353 6552 7899 7675 9353 -4737 -1081 4198 3155 1294 7089 -1277 -216 1357 3292 3434 6130 4744 3252 -1276 1401 -472 923 973 -814 8988 5646 511 -3968 -1202 5399 9308 2071 -116 2923 5038 8677 -872 4364 7149 8154 4448 3665 -2207 1178 2489
75 38
-1361 -1109 5616 1081 9634 9107 -446 2516 16 -366 -4794 1804 -4512 3889 8635 7173 -1930 -2269 -387 3535 -863 9058 8656 1671 -1114 3630 3944 -2988 -3716 8503 7396 1191 2016 -4751 3001 8886 3741 -72 7123 6523 8160 1407 5562 925 848 1489 -1695 -1748 9616 7077 -4576 781 3777 2893 4420 -1964 -410 3945 3769 -4171 2870 -355 -1594 -426 8152 5990 5184 7059 9781 -2889 2693 -3190 1344 7526 7721
70 42
389 -815 6643 5230 4767 -1770 3615 -2988 -495 -2743 2850 5410 650 9763 7570 9609 -158 4189 3399 9125 7380 757 1812 6607 -4747 2631 4259 2820 4231 1301 -980 8511 -442 3092 7733 -1447 2978 -3660 7070 4604 -3916 -4406 -4970 -4844 9247 -3628 4629 2001 886 4424 -3101 9123 -1394 2594 3014 9598 -3949 3729 3499 3529 3281 1813 4147 7756 -2610 7090 9964 -2181 6923 -1932
12 7
3165 935 4512 -2506 -2642 -3198 555 588 -1219 5210 -1927 8074
90 85
-397 6617 7071 877 8275 -3965 221 4874 5710 -4460 -2528 -2918 -3715 -4352 1982 4143 -4046 -2408 -4981 9942 -3378 8973 -61 635 3419 -2034 -4758 8740 -71 -2516 7457 -512 325 276 -1994 7417 -3573 7245 -1164 -782 6669 -1585 1955 5771 -2770 4603 -1231 8936 2308 925 148 -2657 8214 7476 5983 6336 3881 817 8296 8960 3187 5796 198 4536 -1407 8462 -712 4627 9216 -2003 -2991 857 8245 7008 3613 4297 6615 5344 7069 9885 -2621 6377 -1459 2875 -399 -3687 -2905 -807 2399 3301
67 16
8189 4052 3008 7552 8475 1012 4742 -4013 9698 2968 9564 8750 -55 -2120 447 -1834 6138 7632 -1422 6602 -517 -2859 9293 6490 1933 4382 6545 6181 3843 7074 -2457 5388 -3151 -3548 7570 3822 3794 9236 9728 -1070 4786 9464 4450 -3595 -2938 -963 7179 3132 9881 -1372 -4492 -557 806 -3363 -1727 -1831 -4973 -1694 4676 2860 3889 9660 9487 7129 6925 9109 513
90 62
6670 -4658 -2647 8523 -2586 854 -2528 -2739 -628 5724 7477 -3857 6192 -926 3713 -4605 6931 9447 6606 136 4672 2982 7562 8227 -4093 -4148 9585 480 9684 1480 2704 8261 4534 -3076 -1134 9625 -3758 8105 8849 6920 3249 1155 6734 628 -2621 8902 1187 5828 -3158 8142 6521 9751 2847 -2694 6559 -350 3022 4821 4454 -4765 -4256 6817 332 -966 4221 3957 -3446 4455 -434 4070 6382 -3638 2118 3239 -2611 7931 -2 -4363 4421 3045 912 1019 9227 2695 6174 -1797 2244 4148 6735 -4052
54 30
817 6161 1782 9233 6530 2145 3968 4846 6232 192 9194 -1179 6817 3504 487 5251 7182 -3316 7578 5278 437 1753 6564 6635 9997 4574 6107 5681 -1494 5173 9385 2441 4962 -3870 3025 9122 7749 3784 -4769 8770 7965 -2351 6388 8545 1655 -3914 7160 2481 -615 7837 1452 4066 -4581 4103
34 19
686 2281 -1165 5562 6728 7844 7678 3825 4819 1030 3910 -4511 6423 4099 2808 3816 -4822 8579 5449 -611 -1554 7546 -2341 8133 9940 9440 5956 2735 8931 378 9129 -4524 8757 -3985
74 36
5517 -4060 9203 6878 5868 1826 4184 3866 8331 6629 4736 1492 -352 -109 6120 5863 8702 7049 5194 2513 -3895 2382 6088 -1748 6006 -3013 3257 -2215 -2891 7389 -3255 -1932 2975 -895 -737 -278 -3789 3012 1127 1351 6446 9749 855 -3304 4358 -905 7691 2450 1756 6288 -4396 2767 -4945 9204 8125 160 -546 1515 3802 702 4449 7065 1768 6393 3687 6351 -3933 4023 3111 -2736 9607 5580 6818 -82
76 59
-4066 8844 -2888 9232 7173 9244 8361 -900 1913 2689 -3790 4874 1008 -2658 -3811 -4011 9659 -2397 2269 -446 865 7952 7135 9707 8810 -3199 7967 6774 6427 -38 295 7344 -1217 69 3066 -1578 2827 8529 -21 -2505 1807 7220 -3402 5997 8328 1316 -4837 -677 1135 3010 -2225 -1264 -4446 12 2014 5362 5746 9652 -4182 6996 7257 6608 2132 1674 -2106 -2465 7501 461 1639 -868 -4288 -2474 -987 2694 3607 7701
29 6
9753 9634 -3762 7337 4367 9004 449 -4065 6821 938 3947 9415 4325 -2608 -4067 -2996 2307 4636 -2030 -2272 1520 3431 -128 7987 8262 1546 8393 6285 -3167
53 46
319 -3146 -2480 -2723 -1889 773 6131 2904 6494 8185 -3378 9816 9992 -1960 -2222 9978 -3409 5354 7274 7924 5495 8334 9146 1380 126 -4788 6331 -2736 8096 171 6121 7808 3266 -4564 9883 5458 -1289 8248 4203 19 -3647 4424 -4864 500 -1996 958 7703 -680 -3730 -3312 -4989 -904 610
87 43
44 8590 3465 6556 7513 6082 2302 3303 3491 1376 4546 1958 -826 4978 -4983 -430 7043 4496 1208 1308 5329 8246 2120 2279 5289 -734 4154 790 5610 6685 1323 9034 1725 -3471 147 1885 177 1948 -3068 5435 824 8773 2509 5671 5505 7087 -3028 -2524 1322 7568 8598 9302 4518 6221 -4154 -2384 931 5704 5767 4640 -17 -116 5299 -1698 5019 5402 -3316 -4125 6855 6628 4514 5134 1105 9745 1481 4739 6995 9547 124 4197 -3684 2665 -2779 -2313 -1550 -3227 -694
21 15
-2903 -4813 2268 4206 -237 -317 9405 -1694 8472 3033 1667 -1381 -3590 6520 -4772 6239 4844 -1179 -3158 675 -1828
13 1
-2072 -2063 102 7359 -3771 8700 -2324 -150 8521 7631 -1696 5017 7676
14 13
1340 7731 2457 -2303 6354 263 8885 1066 9841 488 9454 5933 3704 8020
71 43
-4368 4967 -3563 4475 7380 7128 -4961 2994 -1348 5660 4931 8192 2540 5082 4378 1414 2210 5398 -2048 -391 788 -2252 6757 6179 7401 8142 2196 866 3961 5583 87 5408 4241 7942 -2310 4479 8 9061 5254 5375 1060 4627 5520 9645 2091 -1906 -1360 3211 5116 5127 2063 9417 -1094 7171 -1547 4852 -4100 3295 6910 584 3799 8248 7045 2251 -4453 -4877 3717 8515 4847 2549 2380
14 2
4801 5384 -2681 3527 7297 -4702 7597 -3754 5793 4002 7574 915 3042 839
82 69
4357 -203 -3351 -2717 -507 -3530 5884 -3749 9518 5456 -448 -1465 -4150 9332 6360 8579 777 3540 659 -1085 9942 9755 -3957 6253 -1220 6822 5091 7394 9136 -3565 9455 8822 -1467 -2144 -972 5308 6095 3819 7707 8722 9916 -3636 1108 5401 8063 -2448 1860 4399 719 3476 9450 670 7530 8590 1133 6554 -4468 444 -1332 4770 2979 9952 4022 4105 7021 248 3187 3377 -2214 -426 5965 -3528 1272 3173 -886 599 -3778 -2357 5575 3641 -1820 8351
71 43
4064 -362 1761 -4052 -221 -2498 5287 -910 822 828 -1806 896 -4458 8412 100 8845 7108 1144 -128 7589 9407 7711 953 7132 -2336 6742 9231 -2476 -676 -4353 -1392 -3643 4812 8888 -4437 -2743 -110 5951 5102 -4446 -4467 -1546 9161 -576 4497 -4697 -4990 8509 2555 2777 -1482 1058 1479 -2861 2419 6499 8199 7814 9148 6823 -2120 7403 -377 7787 7982 -2296 6778 -1171 -3785 -3073 3820
81 73
-1678 -2333 8548 549 8437 -2710 -1388 -990 3902 -1662 -3851 8677 -574 4312 9845 -2298 1093 5211 6923 3513 -3026 -3647 3376 -1086 -2438 5666 7762 10000 3325 633 1623 4474 -2237 9528 -1627 9097 7134 3501 -76 9784 -1182 5443 2590 3592 2193 4133 7145 2740 371 1190 5567 4469 3726 6984 7124 -277 426 7129 6423 7300 -1834 1782 9184 -1663 5265 1876 396 4269 -1501 -1881 -3050 9306 6483 -858 9407 -2818 3143 4978 4002 -233 8765
84 63
7660 8665 4494 4509 2101 -2123 984 3860 -482 -1425 -4263 3570 7150 3972 6771 -205 -1700 -2755 6964 -3618 1944 3791 2689 2790 -3246 5599 3904 -4630 5624 -4758 1751 2710 978 4789 -682 7479 1430 2619 -608 5211 6348 4082 8475 6761 2127 -3892 816 -4411 7347 3826 4919 5975 -305 -4203 5337 -4319 -4207 -2443 -242 723 4723 -3426 7702 4010 2974 -4619 -3805 4206 7364 34 1891 7140 138 -3127 873 2388 6777 588 1282 4739 2920 -310 -52 3095
94 93
7728 1183 -2338 4550 6486 -2676 3201 -4500 3136 6784 9358 -909 2384 4778 348 32 5014 -3289 1899 1709 -4284 1065 5486 -4428 8182 -499 -362 2750 5691 5212 3176 4484 3798 183 3537 2548 -4446 5727 -697 8268 -2333 7895 8386 -1863 -37 -871 -2897 -1233 4135 -1540 -2044 5444 -91 645 7792 637 4818 -1723 1646 4280 6358 556 512 -1932 2081 835 2603 1162 -3525 7904 8807 1338 6240 4545 7220 -1260 1330 -1595 -4968 -4119 5144 704 8726 5020 4652 -2800 -3673 105 8878 7694 2194 1264 9181 -3041
96 50
3537 7107 2050 347 6383 8281 -3042 6059 -268 -3608 -1901 -307 6685 -2977 8673 4653 -3768 -498 4710 807 3971 7839 -592 1412 3649 7208 4738 -1292 3439 2154 8825 3634 8964 8400 565 -2137 4273 -795 -1123 -3899 -3132 6567 270 7087 1787 7277 771 9025 8786 -3299 -4154 -2181 9841 8284 -4642 2703 -3586 9793 4044 6450 7770 9550 8555 4592 -3404 6748 518 2602 9670 886 5713 -4167 9259 1106 -2953 -3088 818 6725 7038 4136 9755 1586 5229 -4052 -3096 3775 2366 1949 8818 5609 -4613 108 -3857 6600 942 -3440
88 35
1764 7260 -378 8550 -4710 5205 3718 3296 -983 3390 7048 4573 9120 602 3570 3969 8575 2004 5608 -4341 -3977 6228 8677 959 14 1593 8295 1162 142 652 -2151 9307 -4282 5608 3215 5970 9716 -2046 -1424 8528 7605 5659 -2288 -34 4299 6171 -4465 749 7604 -1960 -4744 7344 -4730 3660 6695 3836 2172 9256 -4756 7697 -2281 -123 9523 4908 3996 1043 6307 7969 -3107 5818 8798 -1015 4258 -391 7429 2005 -2390 -1561 9156 -3002 2876 8148 -4921 -4510 8556 -1669 -3837 7109
61 12
-2325 5892 4686 2369 8444 -595 9439 2177 6976 1834 5652 -3436 97 1629 -1728 -4443 3677 -778 4826 8911 3192 9345 -2296 3239 3019 -1150 -3371 2197 -4292 7486 -4282 -2086 -2279 7967 -4817 -2395 171 3740 7905 -2015 438 -2751 2088 -226 614 5975 5342 4208 1804 7019 -2467 372 9884 -3117 -3393 4943 6825 7477 -4118 1912 1801
35 24
6403 2770 -4955 2349 9664 509 1304 -1805 -2242 -2590 -2318 -879 8774 6020 -2246 6173 9949 7868 6524 -135 7921 -1913 7947 3054 -609 3581 8515 -4027 1371 2968 -1607 -318 2262 3583 -2292
70 52
7441 -3049 -4335 4073 9803 5062 -3648 1160 9556 8087 2497 -3789 2359 5969 -4928 4507 -16 6398 8818 -2328 -3869 7317 480 -1012 3083 -4428 -1088 5723 6516 -2320 -1040 3966 7034 -435 -4899 -2323 -3825 9319 7955 344 311 -2091 1001 -2247 3775 4575 4021 1982 7389 9555 -3521 7709 4132 -1442 8882 9939 1331 2255 -4799 3059 1059 5783 9746 3350 9656 -3420 7271 6634 3430 1406
89 47
393 6470 1170 178 2098 8669 -2515 7967 -768 382 1698 1003 -1103 2083 6561 1752 -1553 -345 -4882 -4137 2889 -4907 6143 -1295 8695 -1736 2938 -3808 4448 9282 3270 6862 7143 689 2159 -2035 9923 5229 3749 -376 523 4538 3095 3254 -1193 884 149 2458 5897 9173 1293 96 4383 -2735 9864 6588 -2676 -1645 3846 -4207 5592 5770 -494 7988 5019 -2258 395 7791 130 2062 -2858 4639 8219 5494 9012 8020 -2501 7044 5566 6095 4772 8867 5580 -3168 7897 -3964 -3459 -350 6585
72 42
5933 -3366 5156 -430 -4232 6579 -3100 -208 8372 -3203 8247 4838 -2224 6946 8670 -2976 3509 7871 6428 -284 8735 2245 -1449 8140 -3777 4094 9302 5978 -551 1654 3743 6797 1883 -2631 4403 2916 -2607 -852 3784 7340 -3648 -2736 824 3799 718 1677 191 5159 427 55 7142 1378 7645 7685 3627 -651 5088 6427 389 7945 -4056 6619 -1118 1391 974 -2467 8022 8511 -3927 5206 -382 3359
96 45
-2714 1294 -3946 1036 -3715 -1094 -3742 1457 -460 4017 -2496 6007 433 3741 -985 -1439 2283 2836 8349 -45 -4934 8180 -3192 -3654 -2610 -4417 -1862 4781 8827 -3452 5037 4545 -3124 8909 4888 -1428 -440 -4148 -2873 9637 298 2239 2770 -1713 -3043 -2540 1514 3459 9241 -2231 -637 -3888 -2097 1739 27 -2484 -4734 843 4453 662 2801 6417 1051 -2590 2763 8213 1675 7468 7632 1535 4639 3319 -3801 9627 -4292 5810 215 -4162 879 2810 -3576 2301 -2134 436 -1838 3332 925 -204 6699 4503 -1454 2399 4463 2193 -1601 -4013
97 23
1343 2316 -2176 7606 7286 1806 5051 5555 5947 -4441 7255 9915 5804 7610 7002 5843 1097 4296 3626 -4564 4367 4276 4330 -1588 2820 8901 7516 -1734 -502 4926 5006 -3409 2689 2019 3394 9092 6542 -970 -3095 8597 2528 6063 7294 9657 -2292 9578 3663 -2825 -1047 5071 644 2061 5278 -3903 7656 4140 -781 4154 4044 9051 -4382 3126 2160 8642 -1558 3915 3977 6414 2507 7559 5067 484 -3332 -4411 -496 2731 -3637 -3411 -2685 2856 3675 4509 9397 -4211 4946 -532 6725 74 2136 4542 5068 584 -1608 -2283 -1392 4630 -1381
50 42
3697 2916 7226 4979 7926 9926 2027 4261 -54 3823 3441 5138 2938 2074 -1478 3704 2009 7778 3367 328 7847 8215 -1735 2903 -4684 8014 8162 2463 4661 9489 4086 4398 1327 6265 6007 -498 3786 1151 437 2710 4822 8389 8170 7829 2057 -2498 -577 4210 1106 4538
67 56
-3957 5999 -1317 6969 1400 -1108 -4377 -956 517 -2190 9227 -2364 -3189 103 1783 4251 9554 1419 3408 -2896 2377 6793 1628 2847 -4620 5061 -2845 4844 9970 1660 7945 -3280 3171 1080 -4607 4308 7567 5204 5473 7502 -264 5680 -1371 9493 612 1973 -4479 -2797 3612 6960 7954 -4066 -411 1093 4320 -158 4048 -3760 3928 6534 4256 9618 6134 7977 -4600 9822 -4759
60 6
-4469 -663 6902 1961 3599 4628 3590 5340 161 -2557 -3513 4445 -4006 -1642 353 9467 5776 9999 -3701 -2861 -4495 9464 -2449 -3591 4494 8022 9659 1803 2888 -3441 5918 9385 -195 9696 1105 1452 2051 4285 3384 6824 3863 5674 -1519 3315 1393 5082 4497 384 -3251 5928 6514 -2780 -513 3444 -3880 -497 8984 1744 9387 -2928
83 54
4477 -2220 1867 3711 305 -3101 -1101 997 5222 -4691 -637 672 6331 7300 8760 -1188 306 1030 5917 -2426 -2572 7567 3147 -1412 2127 7391 6186 -3820 959 -2125 5375 8348 -996 5565 9573 3975 6642 5362 2172 3688 1437 8885 -3228 2838 1989 3225 4075 -2186 -3305 105 -2143 6465 -2467 -4060 5838 2222 1582 -2398 -4089 3723 5587 7833 712 4634 -3956 9402 2138 2427 4277 8969 8704 -843 9399 6334 2696 -1645 6402 5561 3412 2524 2330 7405 7344
10 1
7678 -829 -827 -4692 5668 5136 2220 7878 8173 7714
32 13
5101 -3743 4979 942 9517 -3019 5528 9531 1152 4108 -3450 5856 -1661 -4481 8397 -830 -287 -2016 -687 4867 7403 -388 -4343 -4589 7967 -3834 -2179 3429 3626 8687 1814 2930
83 66
6212 -1316 6092 -2754 -4020 8913 -3472 5951 670 2654 -1932 6962 2926 6554 -1722 -47 9963 4405 1968 3344 9410 3618 0 8598 9953 6250 1661 -3785 1889 1212 -188 2676 4293 -1253 -4312 9730 -1011 -1509 -3855 2797 239 9345 7272 -757 -2715 506 3331 -1390 1009 2098 6239 6853 4359 221 972 4968 6128 -722 2650 8580 1031 2507 3665 9107 -153 4758 -1593 -3473 2969 7872 -1432 7622 7474 989 -350 721 4656 1908 7449 2196 6179 3271 3072
80 75
8391 7712 7578 6134 -4548 1228 9499 -1803 8293 -2453 -2425 -3203 -3958 -2170 -183 320 3580 6887 9598 4116 3652 -4520 -1983 7575 3207 7706 2256 5547 9469 -987 5913 -772 -571 7952 7459 -4171 -564 -394 4655 9739 -2716 2452 1623 3632 -2111 9412 5267 -2295 -472 -3759 2880 9375 1115 9377 1419 3375 7461 953 8551 7605 -2783 -4612 6614 9255 3555 2612 5975 -193 -3801 -2443 4739 7619 6814 6120 -4336 -1339 -1533 -4025 3387 6487
82 4
-2020 9090 4907 3438 4190 -408 2786 -802 -306 9897 -2315 8981 1482 1537 6726 4606 -4323 -3793 -2854 8266 9876 2953 332 1442 8148 942 6540 -438 -2355 -4776 4176 -2909 -3177 -1995 -2250 -593 -1551 -3059 8230 7506 3988 -1344 -1791 6809 7865 1724 -1249 150 4565 6016 548 -2266 7603 9481 8674 748 -1793 -4439 6728 -4308 1350 7188 2821 4068 3486 6610 -4757 1931 7028 -1640 2276 2991 -2905 -2692 779 -3218 2479 -1202 5052 5614 4845 -4828
35 25
6275 -4070 -2269 9254 9146 2259 3313 1202 -298 1412 4203 -685 7277 9792 6721 2361 3222 -1826 2943 2180 4987 -2336 -281 -1591 3273 -2139 5198 1988 1512 3878 3084 6639 3689 7770 -2835
85 28
2464 3045 560 5458 2532 6662 -3322 2998 9107 -1068 7240 -4759 8130 9542 8185 968 -924 9520 302 1810 5109 7527 6107 -4858 -3204 8468 -1837 -3300 1175 8986 -3062 6072 6988 -2737 9480 3162 5108 216 -1456 3582 2404 -865 -3555 -2569 1199 4267 5866 7627 6944 2102 5501 -41 9689 8940 -4176 6847 -4768 4168 2600 -1758 3137 3159 9553 -3198 -2912 6528 -4626 7488 -1689 -257 -3623 -2546 1558 5039 1604 -978 -834 7812 5798 3500 5277 961 8284 -1075 8332
97 74
9516 8148 3364 588 -1484 303 -4213 -397 -403 94 3133 9789 8467 8119 5270 4440 -3803 9098 2752 8385 7882 3177 2190 -2719 6716 1469 -4609 -199 8984 -1009 -1568 2372 9618 6152 6324 5616 3927 -1223 3335 3956 5376 676 -2105 -4128 2394 7087 -3774 9630 4319 1112 -3671 7408 4934 5623 9270 4575 -4972 -3968 -1021 9660 -4528 -63 8691 8526 -844 -2598 3145 612 34 7945 -297 3499 -717 2393 4416 1438 7090 -677 3342 5401 6220 -472 1161 -3864 3585 1129 8290 -1155 -1042 9856 3711 5756 4466 8161 -3004 3258 -2000
40 31
7652 -3801 8814 -3803 -339 1012 -1340 7638 9505 -4135 -2826 7055 1025 -2476 -41 2085 -841 6747 -2467 7409 4458 4768 -2171 3329 -2448 -2146 343 -3724 1054 8899 1536 6290 5213 -4127 39 -4291 955 2170 9285 6811
29 23
-3251 -2319 91 -1520 2713 -4013 -1631 1782 -4743 9343 5559 2463 1960 9480 -3946 2837 -456 6501 8313 9519 7915 3085 4063 3389 -2383 9579 8 -1015 8868
93 40
-3976 9136 1448 3752 7641 -1513 -909 7895 6349 5037 346 2497 5205 6324 4357 -90 1398 -3100 -3339 4677 -3093 -4499 -3188 6275 9277 3491 -4898 9480 5502 9877 -798 838 3259 9472 6140 -4734 341 -651 9450 -3095 -286 9796 7133 -2933 5718 -2847 2819 6424 7834 2573 -1068 1578 6895 -1774 4576 6243 6699 6840 3413 -841 6075 6681 6255 9965 -1024 6396 4217 3055 8514 -2425 2030 -1413 9148 -1259 -565 3521 2666 5903 -1542 347 2821 -4403 6979 -1810 -4825 859 7899 4790 3772 3299 -156 7529 -4949
54 29
3560 8347 -1562 2732 488 5831 2510 -2732 2971 7052 -1177 2739 9414 4577 6552 -4828 2068 2612 504 2212 1507 6923 7855 49 9816 1387 8462 -232 6972 9409 3034 550 933 -4175 9599 -3499 2772 2746 191 3061 6726 5953 1507 -2344 5158 -1571 8211 3800 -4587 8312 -4572 -1765 -542 9022
24 10
1765 2117 8266 6173 2476 1265 5990 3628 2995 2737 4153 661 -4946 3992 -709 878 2538 2366 3235 -2454 8878 -4138 1355 5303
68 7
4370 -4745 6788 9488 -3531 -1586 6173 9367 181 1378 9854 -3544 534 -1979 5926 5862 2241 4443 7530 6599 1839 6914 8761 -2269 2568 4773 1042 8762 8842 9426 -2566 2168 1394 -4567 3346 -3868 6035 4347 3878 -3784 -4075 7702 2650 8806 3410 545 268 3336 5831 -749 7607 431 7747 -993 669 4522 5721 -3227 5757 2728 5389 1480 9929 2409 -1664 8906 -2911 6317
58 41
8498 -2488 9141 1415 -3819 5747 1160 -2960 -169 1703 4375 8049 472 2814 691 -2941 3582 9341 8751 7166 2361 2341 8272 6452 8357 5 8529 -425 8767 2165 -3434 -1251 963 5070 -4769 5271 3590 9981 6513 1683 -1546 -3670 -657 4574 215 2306 9005 -3373 8260 8622 -4438 8376 6686 3443 -4498 -2710 2254 2136
76 55
9584 4768 4301 3495 5931 5395 -1183 1365 5390 9448 -2780 -2985 8942 5230 -2486 -3621 8235 -1195 4880 3537 822 1810 -4628 -2533 3153 -1816 5226 -3678 3876 5429 7159 2214 9975 7234 -2233 -2406 7406 1588 94 9115 4701 -3408 959 7588 7347 -2012 2623 -3002 4768 4126 2060 8616 2431 -4145 6270 6124 -2375 5150 -864 -1404 -4544 3462 2651 -680 3747 2770 719 774 -239 5547 417 2626 1489 -3493 1349 679
84 35
3542 6089 4925 1164 -3235 6132 6391 6128 7901 5193 420 -4721 -609 -676 7245 -3247 2695 3665 6329 2860 6436 6238 7392 -3298 -520 1332 2505 -1566 7218 3215 -1060 8124 3225 73 8362 5554 9157 2999 -2279 9539 7901 4521 -4525 6967 -3405 -4508 5032 4727 -1828 -3773 -3765 -2961 974 -1459 6227 -396 7340 4628 9882 6189 -1032 1109 5141 9614 2610 -4115 4682 -486 9635 7504 -2390 -3079 8409 5966 -3458 2829 -2560 833 6966 1782 3451 -391 8002 2784
25 15
1761 5919 6740 7126 739 -1971 6536 9652 1819 7923 -4685 1617 -3631 -1004 9356 2122 2338 4914 8999 5303 5971 -1139 -1918 7156 5261
72 16
-2366 1241 8408 3840 8518 -2310 7018 8451 3291 1978 2576 9379 -3424 -151 5045 -1867 6387 5346 -3031 -1743 756 2987 7647 1452 6051 -412 -898 4784 -798 1971 -755 1035 -2715 4423 8068 1948 5530 3296 277 4584 1434 8697 6893 3715 1509 364 -3049 -922 -3137 5534 -3070 -2089 9273 -1080 2306 5409 -4946 1476 -3578 7086 7919 1943 4970 2912 7747 1347 2658 5646 -208 6087 1983 758
60 6
-615 -462 -34 7598 -415 2330 2638 4570 9221 -1215 484 9579 7089 3882 4358 -4256 9659 -984 4199 5178 -2020 -4553 6665 8216 4294 9880 -3674 2601 2850 4266 6705 -4657 9082 9209 7957 -4841 1276 2872 1416 -3505 2734 8321 -1498 2580 -3396 -2403 2825 -206 4706 -232 9305 4321 -4092 288 8796 1096 3654 1667 8044 4817
66 58
-3670 8076 9516 7876 9551 7679 4412 -3843 4841 -2840 -1037 2001 5767 -1633 -2832 192 4128 900 -558 8371 -2706 5897 5967 7670 1786 -192 8316 6626 6695 713 9715 6592 6785 -806 8695 5914 -2303 3062 5734 9793 2233 6202 -2387 -353 -1801 2537 -1212 3295 -1886 -4643 6112 6763 -651 -2920 -3021 -2275 -1088 8058 6864 2116 4810 -1384 9965 7407 7887 -2907
78 31
-1823 8312 2247 -2550 691 704 3293 -4163 -3967 -2462 3135 -1851 -1396 4905 -4871 4723 1467 1995 4232 9719 1759 5903 1389 3736 1782 4128 3889 9322 2764 -3811 7021 -2014 8477 -806 1552 6694 4834 145 -1625 6077 2413 -1308 -1990 8308 9408 5478 2756 23 8942 -4716 -2237 -4775 1762 9581 -1824 8235 7171 -2109 6565 -3101 -2805 5789 -4287 4191 -4232 -416 8838 7843 -2846 -4039 2365 -2967 -2047 4788 8253 -287 -1088 -3667
33 28
71 8917 -2303 -4387 868 6335 -242 -368 -2444 4044 9622 -4578 5999 7774 2437 -3087 1763 7690 7451 7927 -4010 1796 4710 7385 -3850 8768 5982 1493 1381 8400 3816 -3903 4329
31 18
663 -1756 4884 759 2737 6132 -3754 2655 -3046 9678 -1659 -4092 -1620 8492 1985 374 -3930 2514 8038 5016 7324 3194 6162 -63 7836 -4968 -2358 1412 5860 -2554 -1769
16 7
-112 -163 5924 5406 -4255 4422 1309 793 4993 833 6019 4493 7353 22 8062 931
92 18
5529 -1287 724 -3411 5750 -4872 3536 -4006 -3703 2809 -1343 -772 1030 -3412 2652 6085 2291 -931 8427 3026 1736 5949 4766 5719 776 -456 8174 -3818 6382 7609 -4680 -1878 2319 -863 -1381 6688 7436 4523 2357 270 7754 -666 -1230 -1910 -4961 9339 3909 3108 3018 7764 1330 5786 -4141 -3047 -2110 5784 5329 9307 5098 -2257 942 3792 141 2656 -4166 7170 -273 8517 -4520 5317 4082 7884 7035 -794 9647 2712 3948 -3074 -966 5407 3702 3577 8949 -4521 5191 -1538 4782 -2035 1735 -4705 -2415 -301
41 20
-2717 -4542 3634 5325 9465 -2023 -2972 6496 -1013 -682 -4973 5186 2106 1927 243 4452 -4625 7962 -158 9647 8710 -4220 7702 1135 2310 461 4515 -1312 -3663 3169 9897 2528 8825 -2735 6448 -4323 -3325 4199 -790 -4225 1521
42 18
8160 9952 6713 -3888 4909 -2277 -324 73 8829 2625 -1023 2516 3773 4347 1021 -4669 6095 3707 848 -189 451 3661 2927 9432 7812 3808 2179 74 1523 5455 4578 -3729 9929 -4341 -118 7163 3373 -3217 404 -4383 7732 4940
18 16
8382 9810 9769 3316 7939 -2866 9002 2993 6892 7758 9879 -4148 -118 2880 5851 1204 2949 8245
61 51
-2374 480 9184 6905 -4886 1438 3351 9450 5793 7104 -2207 4377 2371 3100 3690 3680 -2617 6069 7577 2089 -655 1127 9372 -4371 7567 -4858 9094 -3656 -1280 1242 6772 -93 1390 6830 9133 -1979 1520 4399 9011 5490 189 8937 7562 1062 -3426 3332 -2473 5859 1920 -2079 5657 -1367 2916 888 2927 -4287 -2579 8049 8512 2495 2191
67 39
6135 -3615 2887 4230 9351 -516 1855 3880 8081 5636 7965 -3835 159 2685 8525 3356 1418 -3868 8076 7745 7769 3420 9819 8426 -4635 8317 6256 5799 -675 3297 8792 7657 2674 -3706 5466 1188 3016 7145 6759 -2801 -2531 5591 7868 5259 515 2070 7783 -2936 3410 8489 4593 5155 5176 5642 8874 1425 6120 3750 5865 2995 5302 1157 -2160 4408 2714 6185 -1785
61 8
2058 -3978 -1971 -2869 6735 3605 8787 -3822 -2449 1844 -1878 -4644 -1024 -4034 -4854 5374 7016 2005 8059 8554 5512 -3442 -992 -4791 -3997 5621 -3446 6840 -1858 8723 409 7683 -3118 2105 728 6610 5332 -1389 750 1848 281 8696 3608 -48 9338 8047 -3908 1578 3226 -3061 -2581 6248 -4188 6582 1667 -383 -4058 8684 2531 8694 3701
86 69
9666 5249 2793 406 1000 8041 2533 2729 5469 5165 9579 -1440 -3267 -4131 6198 8878 575 2663 -3408 -4180 7885 8310 8592 8289 7810 3959 7997 5309 91 -4794 6147 97 5252 6022 -1467 -2481 -4894 5261 2510 2800 5520 3428 6718 -1620 3094 -3926 3791 5025 9152 2237 -235 -557 4784 3665 5914 3493 278 9246 8062 4095 9420 -2071 7783 7252 9238 -3820 3365 6607 -3577 6898 -1630 -4726 1381 3144 7063 526 -4533 258 4740 6767 8596 -4042 9963 3561 7021 -171
