62
908 572 64
391 27 883
255 306 579
463 405 747
420 457 109
839 204 536
700 7 995
683 835 610
423 384 98
389 553 253
678 368 223
885 70 859
971 29 938
104 500 663
397 931 51
358 853 87
337 196 32
786 607 881
586 532 526
613 508 572
345 959 215
452 807 614
833 870 69
753 535 823
811 466 948
955 454 304
777 161 727
717 886 760
49 573 831
578 736 240
954 720 169
410 160 87
804 681 715
769 785 782
751 6 538
992 731 69
989 781 842
70 238 771
669 202 930
198 979 717
646 754 700
394 841 652
330 319 727
276 633 523
104 502 161
278 536 793
906 376 624
398 415 669
494 533 509
846 536 13
78 691 142
75 569 312
857 86 413
510 918 328
230 332 384
879 822 806
797 228 960
212 151 883
273 590 791
685 864 54
373 467 583
558 250 699
