78
125 697 768
736 100 787
501 704 557
275 2 358
766 841 90
101 306 971
316 831 545
953 105 675
186 159 821
127 454 520
786 862 942
521 337 35
71 109 426
279 717 335
79 336 718
788 211 330
849 538 664
378 791 404
482 913 456
832 462 677
57 642 768
286 501 474
555 456 417
723 777 204
796 110 437
964 231 359
623 439 426
685 481 145
359 168 936
103 314 542
429 914 825
367 812 602
769 914 300
548 513 303
960 983 171
590 526 91
416 336 630
475 851 765
509 237 897
333 627 496
136 123 809
621 61 47
359 753 106
419 109 202
976 120 816
911 449 985
912 205 234
872 272 743
334 808 5
630 294 356
146 898 688
390 883 759
78 330 817
708 569 475
566 784 501
46 761 773
94 718 516
969 883 416
324 875 243
832 185 779
517 755 663
141 204 375
747 696 803
231 562 690
909 92 911
766 96 17
643 680 339
661 146 688
717 550 67
222 176 300
312 709 383
115 8 82
75 558 385
135 636 368
9 947 270
956 503 29
314 33 814
233 271 670
