62
538 24 388
517 928 127
123 76 619
178 157 54
297 390 403
133 261 361
420 544 521
261 973 823
325 249 230
897 56 674
281 243 637
10 176 426
162 551 431
979 118 576
128 640 225
164 54 982
593 771 900
517 474 648
262 704 117
80 40 717
564 796 14
622 212 589
460 282 116
529 103 950
221 488 179
112 491 573
639 741 828
737 918 89
126 130 391
95 437 524
263 370 429
46 837 388
661 57 150
844 5 372
931 733 49
907 992 316
815 489 966
874 69 676
419 84 590
328 912 303
31 847 763
688 348 991
702 411 257
716 224 73
70 552 923
192 898 672
614 534 403
481 595 429
293 547 179
134 466 100
825 55 280
392 236 238
41 896 241
451 215 184
257 969 574
469 71 614
471 95 924
388 490 740
766 110 883
622 39 70
681 389 578
126 675 511
