84
211 646 396
503 84 507
655 376 169
21 471 688
119 812 83
109 121 465
128 17 755
213 150 876
607 567 812
815 286 750
453 11 938
244 858 441
369 300 498
835 628 581
415 530 249
78 475 866
237 781 539
243 142 99
979 354 385
274 538 623
799 562 440
448 318 320
797 502 773
504 107 461
423 773 542
426 332 614
835 1 684
643 95 613
533 840 257
275 383 289
59 601 326
168 837 258
984 938 67
701 672 112
465 264 26
69 323 543
751 227 321
386 267 356
75 941 206
789 49 873
400 173 191
635 697 119
39 459 152
875 375 656
481 140 716
163 564 118
79 185 628
822 327 645
149 863 607
877 642 90
882 59 590
661 988 679
785 63 131
210 693 243
734 278 586
91 236 829
750 440 905
952 49 487
404 778 609
517 596 899
897 678 908
496 991 58
588 979 198
138 363 959
65 633 706
848 105 798
26 616 417
194 977 44
607 637 497
609 46 541
721 553 922
978 280 994
996 147 207
689 511 501
446 298 842
438 626 476
663 581 550
859 282 716
247 493 398
712 12 802
213 105 742
517 479 205
5 880 117
49 299 487
