45
518 478 268
1 62 368
91 162 986
828 706 655
433 394 742
35 518 115
591 213 71
540 756 833
718 843 591
751 975 680
890 602 953
110 378 812
368 962 402
600 586 187
739 840 177
362 251 232
936 884 100
475 386 245
239 12 791
88 360 87
632 804 940
922 629 89
536 662 901
508 803 98
558 935 95
986 862 36
900 619 497
323 326 331
131 314 56
79 536 381
488 765 802
550 93 403
12 374 446
487 829 853
781 80 126
591 477 637
279 928 271
101 143 401
395 54 147
954 77 146
273 26 254
743 261 942
165 558 988
638 893 895
895 798 289
