50
866 548 901
169 494 341
646 564 403
421 981 517
242 630 568
78 370 736
178 351 57
563 597 884
262 889 740
790 509 703
205 897 778
69 927 558
769 140 465
114 157 399
68 423 496
830 489 649
619 631 629
443 974 485
596 323 658
310 628 676
885 719 572
587 446 363
964 380 409
140 94 301
709 689 486
75 724 64
495 388 931
238 982 13
531 109 226
37 887 725
740 889 672
719 123 705
37 509 659
739 150 718
367 895 410
817 77 843
712 871 634
40 35 422
229 348 754
787 248 401
783 136 340
597 557 134
756 988 376
228 277 108
536 809 740
879 38 719
224 694 514
345 186 259
316 294 371
872 633 966
