53
238 760 644
4 569 966
421 830 82
175 416 856
325 310 70
899 685 951
972 928 196
387 535 56
223 275 767
487 536 665
47 57 358
891 531 317
635 289 59
97 389 730
840 982 527
953 181 694
960 166 560
428 213 626
816 611 18
539 464 433
662 617 757
4 16 832
717 478 229
423 785 773
220 688 445
319 451 986
381 132 802
747 338 44
976 265 821
147 718 547
882 145 633
227 81 503
684 127 530
927 381 1000
359 235 638
355 46 305
895 359 398
918 826 181
570 176 552
534 437 120
378 930 925
104 737 197
26 953 514
439 937 721
189 924 100
787 157 385
636 462 29
296 522 451
24 78 930
233 834 707
881 683 197
369 904 869
487 504 857
