1481
324 4 717
533 869 803
152 645 810
655 952 78
351 214 532
328 520 472
508 363 306
858 284 8
611 600 266
747 862 854
214 247 771
216 322 891
815 968 50
700 664 376
622 155 412
385 206 528
531 795 77
943 481 502
864 442 288
649 393 223
334 504 935
772 331 851
144 600 622
741 98 699
352 979 31
25 897 102
415 290 569
737 370 526
194 743 566
616 668 615
317 416 249
658 955 741
755 543 551
139 42 900
536 41 794
663 610 670
668 269 176
918 148 724
612 863 843
804 909 929
814 340 248
501 503 818
187 76 315
970 854 300
123 115 163
359 590 909
271 692 655
760 65 874
995 762 434
18 430 647
902 941 702
14 962 198
56 993 334
856 194 469
6 419 817
635 267 908
628 158 495
234 385 181
681 856 286
748 341 600
786 966 648
908 293 950
179 75 237
391 125 90
562 263 366
913 69 907
929 408 708
128 706 217
449 646 113
951 645 929
13 64 807
731 204 247
761 116 794
941 204 27
80 945 34
626 399 973
493 349 253
739 847 195
967 408 577
769 776 944
216 675 769
106 988 876
954 301 963
63 39 987
950 351 438
821 978 20
512 103 234
183 598 478
43 625 751
119 24 367
807 778 287
240 337 38
195 73 537
110 507 697
91 645 532
81 768 742
906 495 754
120 805 67
885 128 209
264 169 671
414 527 901
861 898 465
319 181 51
268 81 643
914 344 998
428 372 674
125 429 83
449 813 383
316 695 754
585 10 81
206 766 203
611 11 225
537 846 488
934 852 372
275 27 222
381 983 391
960 322 126
65 987 402
16 564 641
964 172 746
324 700 557
583 447 641
881 903 140
463 495 10
190 800 599
854 385 608
143 902 382
721 874 459
779 532 867
648 90 41
595 898 713
25 487 679
730 218 742
550 628 515
162 128 722
705 20 877
337 177 981
410 792 534
266 649 371
365 743 162
969 64 272
721 720 688
972 88 308
606 387 518
367 324 953
392 470 207
531 7 232
55 410 602
477 235 686
69 356 247
428 946 485
671 707 896
336 368 859
225 198 645
863 624 943
864 973 610
523 233 916
620 901 172
213 550 252
190 613 847
540 712 345
385 910 775
427 726 539
99 405 514
550 838 243
539 386 928
966 743 337
377 214 21
160 734 119
567 303 576
247 269 949
113 95 406
579 720 521
979 216 103
505 692 581
731 622 935
714 427 851
758 433 805
257 137 808
374 192 44
645 305 45
857 822 689
150 785 198
890 796 351
775 653 464
806 572 834
121 877 389
931 189 399
393 582 134
664 559 76
207 453 126
256 559 755
614 802 389
306 766 636
389 931 536
676 457 680
705 932 652
124 325 590
411 795 939
580 957 154
876 175 44
506 658 815
293 33 695
162 332 602
187 816 155
38 571 686
605 523 926
9 614 364
417 678 126
545 853 175
397 392 903
897 761 300
289 100 541
765 952 602
908 312 125
788 743 385
632 81 132
478 313 320
200 214 9
353 581 97
217 175 79
785 1000 816
283 402 595
272 394 110
721 842 685
157 613 113
361 147 455
150 437 609
244 859 625
449 429 128
433 444 14
427 490 974
280 629 949
765 57 387
730 229 785
186 870 168
49 623 168
124 456 997
560 221 998
120 130 541
148 866 978
657 523 748
303 758 997
152 269 347
681 844 381
441 146 594
384 921 362
653 189 348
35 382 183
161 847 568
978 658 696
89 151 816
858 458 518
865 928 89
627 422 76
477 508 690
251 609 947
304 617 509
631 12 808
185 159 893
967 403 458
129 745 899
528 850 498
613 158 951
761 959 48
806 683 852
295 456 533
896 989 750
172 997 31
235 840 637
451 121 366
865 881 209
181 521 399
461 219 773
735 601 705
707 964 393
76 578 181
308 870 775
585 234 988
430 948 65
409 323 729
630 348 393
48 851 645
67 849 668
165 233 322
326 110 94
214 625 593
231 631 277
359 382 445
812 626 320
663 15 13
715 233 283
585 932 855
165 689 1
217 796 544
26 479 334
82 533 279
254 936 587
901 324 312
741 922 853
709 218 320
452 826 405
916 721 581
163 917 193
617 906 637
719 164 921
325 762 939
795 46 806
179 997 733
871 722 995
775 732 228
878 478 512
546 105 602
127 672 268
875 207 646
720 493 388
666 187 237
905 683 767
44 659 689
247 434 200
331 409 941
441 473 90
561 188 12
110 754 533
794 167 160
565 510 33
738 763 520
603 615 987
297 688 440
196 665 855
562 823 565
367 691 212
99 847 483
935 583 141
781 211 179
518 229 397
627 22 500
653 799 912
882 697 212
455 43 882
677 382 702
178 830 837
242 894 58
413 409 137
533 967 194
50 428 247
793 455 91
983 82 409
871 361 718
113 846 548
605 260 124
355 461 867
984 211 217
574 206 20
302 107 885
777 146 481
971 483 357
185 288 331
661 927 9
703 364 782
294 799 749
114 934 272
472 186 865
696 113 725
159 403 911
851 343 118
732 712 842
858 681 965
977 372 284
648 243 890
316 637 636
464 972 845
707 667 158
357 459 158
66 58 437
804 479 4
595 885 153
264 135 276
84 867 437
992 712 859
511 682 93
80 400 846
713 627 571
510 664 766
805 43 387
365 320 661
268 195 9
93 552 968
780 841 838
121 398 736
808 624 276
270 704 902
330 442 285
950 254 343
229 492 319
920 261 982
760 223 871
682 705 415
179 736 304
928 81 657
35 964 77
784 137 352
252 128 386
796 639 846
853 607 46
544 937 12
815 326 469
170 599 184
251 571 687
257 298 882
130 794 740
691 967 794
992 662 562
404 977 108
904 426 222
549 403 625
275 129 746
820 295 453
20 349 128
937 910 994
492 320 172
853 121 55
29 118 336
369 482 612
493 698 847
810 890 155
539 831 165
429 997 505
151 762 800
986 102 544
552 795 909
591 573 240
2 774 223
301 33 145
419 256 7
469 110 734
146 375 22
722 655 730
81 659 779
519 320 598
622 706 724
980 405 18
29 134 887
457 687 661
707 701 501
70 808 983
274 943 180
898 910 19
777 198 453
412 293 421
991 850 49
925 947 486
436 656 261
332 33 600
194 369 654
183 954 185
166 382 29
492 482 452
49 369 707
353 675 436
331 596 11
100 797 290
613 256 290
368 245 332
374 515 859
598 698 5
183 190 571
467 7 517
138 965 311
885 141 605
16 713 439
980 604 174
660 9 521
83 855 683
212 325 599
937 40 374
263 320 463
302 421 853
175 931 302
868 593 69
992 480 854
773 688 476
251 984 180
409 879 534
83 169 723
127 540 188
433 496 141
16 247 506
638 582 214
957 493 330
46 355 82
92 973 687
517 189 224
208 119 940
305 489 527
362 57 323
550 938 143
76 885 253
858 106 53
508 676 131
294 792 847
639 221 207
796 608 200
799 50 920
916 400 52
372 801 301
287 352 427
516 914 539
485 390 566
940 481 145
984 301 123
124 732 975
967 946 156
231 840 650
50 119 995
246 251 688
890 532 276
350 653 602
433 84 158
61 203 706
956 586 274
860 763 6
692 813 258
780 525 796
605 358 799
502 763 750
435 716 611
565 145 918
459 995 725
759 561 864
858 795 957
586 19 975
294 320 440
601 85 839
550 856 567
43 666 924
774 72 87
816 74 649
502 47 524
81 757 389
108 672 411
64 948 712
867 431 396
216 551 177
815 297 751
41 790 328
507 169 331
27 789 893
297 72 818
657 978 666
370 341 585
324 997 760
305 955 873
251 117 48
554 311 570
291 57 993
242 270 505
485 722 481
533 394 55
553 749 133
164 375 579
599 606 166
777 59 924
893 966 843
33 206 305
466 453 5
36 432 723
733 332 281
916 952 952
847 259 854
281 249 874
488 273 620
389 276 702
369 381 452
481 319 857
282 610 499
480 743 895
621 329 781
685 356 95
81 854 557
655 701 115
248 420 868
980 475 445
472 981 187
701 984 931
176 595 142
144 497 419
233 19 672
525 981 516
511 892 860
150 906 282
559 822 759
490 37 171
12 422 840
846 776 658
891 700 453
392 152 529
708 950 250
432 937 837
407 872 400
691 168 465
825 852 164
384 880 60
97 422 624
264 436 552
792 941 228
43 198 153
114 182 772
273 227 796
849 163 865
218 449 21
239 990 15
301 219 881
634 250 273
719 549 515
286 148 820
223 938 928
308 220 634
310 562 500
716 418 919
461 900 649
170 696 423
398 798 237
166 650 437
932 677 987
806 319 220
937 371 158
782 429 222
163 521 378
877 495 853
8 203 525
560 446 537
446 425 697
501 332 715
283 170 194
773 725 952
884 736 479
886 84 408
23 692 220
86 873 142
803 430 455
766 745 861
217 760 445
837 70 765
322 547 163
640 805 376
139 861 18
904 664 267
319 120 601
15 161 915
76 11 182
822 750 287
347 90 593
135 159 370
109 540 775
78 698 584
283 960 541
484 361 461
330 812 97
501 920 30
889 22 755
302 609 62
294 222 618
736 927 724
658 90 279
92 395 228
322 128 294
347 956 317
617 182 645
744 169 865
919 889 372
232 237 295
277 766 662
339 981 96
666 681 304
179 452 229
183 189 953
402 556 946
976 865 627
813 34 984
966 34 940
593 873 801
106 124 592
670 303 183
622 663 210
925 368 942
675 302 737
584 839 158
399 821 904
15 525 368
944 379 906
257 663 612
330 25 972
927 644 398
72 914 164
904 57 1
642 803 101
743 722 78
485 610 437
155 149 896
49 64 849
705 316 902
249 37 670
400 464 1000
272 925 234
698 455 322
653 916 62
306 57 528
403 303 882
600 968 718
62 714 765
157 242 435
812 688 962
497 493 461
241 29 227
581 157 17
15 156 774
70 316 346
512 410 642
395 584 735
271 932 868
991 75 103
877 431 386
689 705 938
159 945 980
936 783 348
920 662 892
847 453 560
540 940 74
755 369 226
164 712 770
38 662 22
209 630 298
256 550 399
559 311 165
92 388 800
891 563 476
201 270 875
978 176 86
761 294 942
879 171 224
226 944 700
485 952 769
665 841 931
496 595 244
416 837 414
423 630 183
145 648 819
862 456 196
640 754 295
293 656 764
807 84 365
419 933 17
700 650 945
328 338 169
245 118 366
800 623 373
593 811 672
437 707 282
6 676 64
328 918 670
899 215 518
928 146 802
571 577 730
348 406 610
124 655 900
184 816 582
934 712 89
607 70 250
602 675 980
313 791 41
360 362 214
26 888 890
47 918 636
357 355 958
952 93 793
331 2 848
431 472 69
541 374 619
157 600 86
554 803 260
789 571 3
480 226 52
237 901 942
269 969 495
126 642 295
674 82 718
573 695 257
892 250 382
473 343 563
478 521 261
403 156 26
583 49 545
334 517 156
447 399 112
66 996 211
159 346 272
118 86 526
180 584 100
134 619 497
491 112 677
579 206 444
970 327 190
120 716 250
941 975 968
681 151 239
279 322 102
754 367 957
157 893 631
548 414 952
588 327 760
678 701 242
395 326 925
747 719 656
794 998 212
220 2 676
770 455 398
180 661 671
929 888 97
58 322 59
756 370 184
929 292 787
925 272 206
720 735 734
945 987 987
915 515 228
802 272 874
572 585 352
325 753 948
822 60 292
163 111 645
554 95 41
681 321 902
276 542 732
437 201 630
559 142 112
936 534 187
750 509 724
409 718 718
392 976 367
412 989 706
703 897 177
730 255 733
278 55 871
675 272 793
986 981 174
748 782 92
412 458 317
245 776 918
935 760 948
286 60 435
123 144 220
695 647 825
161 474 779
217 520 709
221 891 556
653 54 468
427 199 404
482 877 328
872 495 970
740 52 942
900 928 559
309 517 57
876 835 209
142 63 860
463 347 658
306 140 288
936 607 329
306 792 377
495 456 579
933 104 240
73 335 511
371 281 976
298 598 744
545 846 427
492 863 253
591 241 639
828 973 283
108 80 59
822 287 162
76 283 967
159 982 115
273 749 460
624 25 579
462 402 458
145 232 8
514 752 576
288 514 171
780 841 556
582 940 14
381 102 315
790 670 273
212 18 198
327 107 582
746 385 697
203 407 873
444 980 974
371 503 160
346 882 693
776 943 821
260 858 851
627 519 725
57 662 84
893 267 492
672 961 600
123 416 539
711 494 865
592 579 595
634 185 575
904 448 609
668 789 930
344 912 586
247 368 17
548 277 54
899 813 499
226 926 906
25 770 483
401 46 684
304 922 602
195 130 269
230 212 771
788 160 970
37 914 275
350 846 469
71 83 68
624 612 425
930 997 837
224 555 145
987 680 998
927 103 758
499 777 437
577 934 972
525 198 257
12 827 889
479 808 113
533 774 655
20 262 532
900 460 36
622 206 904
891 684 266
434 713 657
853 918 584
10 500 201
997 93 743
575 391 28
958 349 228
506 26 177
24 525 199
335 776 333
528 693 750
795 372 721
565 909 384
505 464 962
613 660 70
625 827 711
313 479 390
322 727 544
856 524 120
805 23 732
514 895 216
2 273 635
220 926 162
279 418 711
570 924 94
742 395 420
984 572 999
221 120 176
560 727 425
182 615 747
811 61 827
5 533 696
132 915 98
607 16 350
932 798 606
208 271 119
378 70 95
476 681 521
708 119 525
848 637 485
618 296 315
488 562 686
439 549 119
756 143 158
911 194 597
944 932 463
552 527 236
960 431 728
942 353 563
191 623 26
165 523 204
107 64 87
233 683 591
322 841 917
730 265 366
444 13 308
492 49 890
302 385 266
729 312 488
29 100 569
662 638 536
527 956 709
432 225 158
299 804 528
99 799 851
754 175 988
173 33 349
661 548 380
745 651 419
429 605 270
48 187 114
83 742 248
649 269 574
870 626 327
823 821 741
209 971 280
560 969 300
945 688 939
798 994 971
804 327 261
774 740 213
118 26 554
703 120 412
596 951 589
429 351 318
611 503 364
705 563 554
92 10 83
814 397 297
278 993 205
973 674 755
206 181 267
111 963 268
790 725 442
573 480 95
514 427 984
777 119 909
923 620 548
383 703 916
489 940 361
937 357 571
515 499 77
848 368 122
549 212 122
956 662 759
542 120 913
909 550 770
971 751 744
264 90 660
509 773 7
472 812 204
252 963 79
544 704 956
991 777 808
240 428 289
289 142 839
39 971 757
828 580 824
248 10 724
725 240 957
280 920 643
190 162 211
756 112 8
312 723 534
836 262 983
4 867 994
897 499 589
369 122 786
421 221 655
73 673 950
988 183 220
603 55 958
450 810 647
877 436 764
749 231 725
684 1 826
347 322 512
19 778 811
548 143 630
115 77 581
127 589 159
3 730 841
851 878 910
344 331 14
724 333 872
913 906 645
550 622 345
760 787 957
582 256 580
69 894 865
160 14 998
489 9 753
66 522 952
77 188 974
128 451 119
931 782 11
348 735 47
800 525 901
299 706 481
224 385 179
23 936 98
453 6 219
882 449 604
477 125 978
597 811 358
28 759 413
478 487 987
338 603 217
439 280 471
26 690 492
595 305 711
503 163 576
838 906 123
324 607 643
914 375 489
760 198 801
594 203 201
972 263 791
723 479 294
306 735 742
698 324 234
263 8 79
169 896 919
703 235 824
389 667 176
123 720 517
287 810 769
207 342 90
584 294 909
643 348 27
604 740 426
79 791 782
312 887 478
222 410 17
114 846 220
534 309 446
345 801 194
543 244 662
997 369 629
766 291 446
47 898 901
278 599 70
449 340 679
488 762 496
508 817 889
503 421 404
564 632 693
820 414 704
99 987 646
169 48 152
693 374 888
784 994 442
148 936 248
634 983 618
467 496 80
559 615 121
200 76 426
33 829 575
139 678 69
236 778 378
759 187 97
597 22 956
796 154 504
806 229 40
518 188 427
525 797 722
972 246 653
526 233 370
782 858 953
599 476 641
960 556 419
632 953 498
723 791 530
165 602 600
591 151 398
215 178 790
298 346 873
869 459 835
632 961 627
484 905 821
990 539 537
256 883 502
636 212 613
840 500 827
347 261 694
541 389 890
406 565 960
425 389 197
187 259 279
423 635 990
434 838 172
210 699 700
49 838 147
789 670 64
787 787 147
221 595 236
612 278 505
953 431 812
288 656 757
461 679 973
349 240 980
204 238 37
648 641 779
472 485 492
292 63 13
63 914 10
45 706 770
387 18 122
791 318 267
117 745 210
879 657 282
120 840 845
683 813 432
200 210 259
810 801 927
844 653 38
527 337 956
409 761 560
730 376 695
540 644 668
775 986 471
892 682 9
5 211 965
41 105 559
678 312 675
948 681 520
184 856 372
781 401 480
527 853 736
547 696 641
510 381 894
372 360 391
837 73 699
429 818 258
573 504 23
766 862 309
544 914 936
797 335 99
915 807 669
659 980 371
691 499 574
8 504 592
993 465 235
273 234 843
171 15 516
650 356 782
550 12 558
723 244 742
41 150 962
726 139 82
646 344 470
555 246 517
123 815 898
257 99 288
459 780 536
433 692 444
759 311 608
633 185 514
292 97 850
44 167 252
241 329 535
99 633 272
93 92 624
313 148 513
694 895 541
482 776 808
639 168 46
330 838 732
9 32 41
407 90 613
80 387 935
785 222 98
750 834 147
902 767 765
358 808 716
821 185 172
645 843 972
469 770 534
967 782 200
661 762 49
896 555 720
346 532 937
59 638 891
523 601 25
663 796 688
782 133 123
182 827 13
882 852 291
523 484 651
5 813 960
40 693 837
515 724 562
929 986 15
80 98 104
574 294 546
365 146 443
185 112 556
333 105 911
214 178 97
924 243 74
255 593 1
148 985 935
734 145 446
236 833 150
681 372 347
222 766 841
517 863 543
357 259 795
33 551 610
506 19 157
486 646 823
401 855 519
684 47 245
960 987 630
33 874 921
141 198 71
28 535 360
946 921 218
404 301 261
373 600 251
90 48 356
287 165 96
586 277 246
339 985 783
40 57 984
178 601 251
497 787 460
864 852 964
997 78 798
619 604 47
825 221 846
180 454 551
49 101 720
725 951 322
611 911 52
276 829 984
243 567 612
760 469 420
944 485 188
578 177 502
768 421 932
288 23 930
843 740 594
641 635 697
886 532 402
318 752 687
792 651 869
745 301 904
657 666 364
445 182 917
670 148 343
216 954 461
165 697 515
536 346 188
482 464 572
298 406 662
756 332 642
531 472 160
22 506 438
475 456 845
402 16 404
511 506 560
161 506 15
906 391 674
127 549 726
290 33 436
760 117 336
193 922 111
84 285 390
142 885 126
805 283 474
122 131 917
785 220 139
96 591 5
318 266 722
940 374 574
333 321 599
773 580 126
792 481 169
311 254 300
654 308 842
193 292 204
300 984 131
677 552 968
339 465 304
176 195 986
514 550 199
818 219 468
231 860 652
256 230 223
317 451 289
812 311 69
25 558 54
7 314 442
374 688 516
551 53 252
801 719 242
513 401 350
309 724 619
67 983 956
741 29 515
285 685 143
197 777 40
967 929 265
988 44 823
890 114 478
734 22 846
42 271 360
209 598 788
276 726 290
344 629 908
760 944 169
396 141 867
11 211 240
926 184 930
578 267 340
556 95 138
462 824 36
320 817 96
265 736 844
121 481 72
692 444 472
397 224 788
821 697 301
913 976 204
11 36 85
776 336 76
433 754 764
280 420 422
213 574 312
162 828 260
466 813 391
333 478 57
248 886 376
376 238 489
32 387 834
785 709 808
77 872 317
765 640 414
787 456 940
354 491 232
844 182 779
530 807 990
882 573 258
297 333 671
13 788 55
723 29 83
537 826 291
881 898 515
178 545 673
774 991 422
577 349 260
352 524 956
853 105 43
519 486 519
933 358 188
930 182 693
420 648 297
375 74 543
49 44 219
347 717 880
956 960 139
766 588 283
518 909 39
868 650 401
381 398 287
61 618 466
876 400 511
89 591 542
818 33 898
89 585 842
503 983 956
961 232 509
92 677 680
516 942 440
574 883 605
440 380 181
991 222 90
949 327 134
424 959 51
265 668 241
14 943 721
