7207
905 535 541
72 49 829
862 418 162
418 106 197
741 731 227
201 683 890
481 880 286
52 795 99
553 271 661
943 469 760
467 273 461
933 749 376
364 278 819
562 262 937
395 618 172
127 913 1000
380 713 566
97 73 606
484 672 262
41 336 941
785 263 945
53 133 302
545 243 688
61 697 358
15 47 154
730 735 809
161 531 70
431 795 920
528 922 442
100 110 589
246 907 964
640 319 51
442 580 241
88 894 751
409 869 887
99 376 143
565 563 278
612 423 309
801 37 477
790 325 144
472 442 390
105 638 579
20 161 818
357 94 407
452 55 819
319 629 868
996 240 629
211 822 987
937 731 159
752 807 203
279 259 171
553 641 343
343 202 505
745 679 810
464 241 667
20 886 397
440 483 591
486 961 778
146 94 714
433 86 610
470 657 237
597 17 459
278 510 680
203 253 787
423 235 654
173 443 125
522 949 970
656 377 424
960 23 321
535 380 271
901 2 554
920 930 935
265 117 222
733 311 711
233 269 364
815 73 867
517 123 968
986 546 755
745 838 858
212 748 838
5 220 405
329 979 959
339 279 851
306 32 524
502 126 973
801 565 320
72 532 455
966 952 209
784 500 960
129 951 879
850 993 879
146 966 838
193 248 939
568 231 153
445 636 115
816 792 455
305 404 108
919 427 646
761 20 676
730 925 471
903 762 772
154 969 495
127 89 780
529 528 127
541 209 68
900 80 653
730 693 10
844 44 860
896 890 940
210 502 406
721 354 906
867 753 864
995 836 377
882 156 979
931 982 133
611 919 228
924 12 621
981 159 536
921 964 693
628 520 804
686 608 67
810 825 403
754 668 125
392 771 402
569 582 691
620 807 847
419 541 6
6 854 870
376 495 419
150 252 594
862 216 173
768 556 182
514 385 759
501 975 205
78 840 99
521 912 153
580 829 866
606 520 484
544 913 269
555 89 650
300 189 582
24 817 438
723 894 502
263 311 691
377 737 169
701 891 486
492 158 682
748 500 199
257 27 129
52 662 738
891 777 933
389 551 804
459 289 978
378 846 755
210 334 147
502 861 31
223 899 44
138 330 758
896 712 73
726 1 698
59 653 963
313 79 833
201 986 156
651 366 379
200 318 282
383 13 434
73 728 441
689 515 758
653 825 343
10 424 404
649 880 717
260 310 965
962 971 686
469 410 898
113 488 590
144 837 485
455 53 671
696 183 520
567 144 529
270 233 108
366 388 49
632 570 639
351 138 710
449 715 842
943 63 547
73 566 929
515 753 169
769 620 149
227 560 960
818 288 837
133 727 251
975 200 609
307 525 372
90 979 652
27 90 689
297 707 47
50 104 213
921 764 108
66 385 180
712 407 764
704 85 715
738 799 733
359 931 760
240 373 388
793 772 611
894 34 106
970 633 561
606 82 959
366 952 25
243 713 81
412 356 771
696 133 253
563 966 109
111 282 454
691 912 241
897 254 630
577 880 656
367 682 340
67 995 785
531 456 340
100 579 38
436 464 4
104 696 157
177 523 892
671 264 70
551 777 690
762 832 901
597 956 97
599 944 368
315 275 966
424 139 676
86 70 771
671 930 527
572 334 680
928 642 409
814 197 272
922 17 199
966 272 886
470 448 791
866 976 905
846 32 401
648 913 450
619 754 567
282 703 160
375 985 445
194 495 903
97 891 261
476 886 191
401 966 207
891 410 452
908 445 417
787 34 652
811 791 518
544 474 452
579 820 926
109 986 307
304 453 737
697 512 172
239 828 520
940 279 139
832 620 435
773 659 477
843 13 738
964 927 925
927 487 273
457 701 804
718 669 270
502 958 593
693 480 857
892 773 263
509 287 873
724 854 891
694 935 989
141 894 562
957 609 446
21 241 518
779 557 65
897 968 675
7 27 418
978 437 559
288 49 594
671 877 154
21 30 321
345 576 756
311 681 584
773 536 340
884 531 71
898 13 997
190 252 309
992 137 744
162 469 873
456 101 707
21 270 510
583 860 315
43 889 621
385 969 216
843 549 10
801 787 17
31 748 248
864 624 23
897 596 473
423 89 68
775 892 79
170 692 565
311 269 775
116 753 241
600 739 536
176 298 710
502 147 386
11 830 497
655 736 810
620 138 148
174 55 768
961 196 684
493 760 354
750 796 557
769 323 988
764 463 332
837 421 624
792 364 884
912 253 514
292 356 104
644 532 585
240 103 266
45 686 562
576 189 191
1000 181 799
437 134 413
689 251 586
171 161 119
45 622 614
661 187 393
311 610 272
160 763 798
212 936 664
478 106 118
696 376 230
427 801 128
597 270 492
515 218 514
185 338 462
177 808 529
295 826 819
200 93 847
594 722 705
410 695 637
590 417 435
745 196 887
569 676 194
773 370 597
509 777 832
159 279 662
582 321 641
916 88 372
203 730 648
196 523 440
72 242 269
434 255 786
483 394 725
633 765 596
265 857 106
601 142 263
575 116 705
156 663 769
158 428 652
479 11 988
325 323 101
343 888 55
146 642 386
91 31 750
173 107 107
470 369 936
683 834 526
812 695 204
673 568 205
641 118 392
685 217 868
898 149 722
983 98 85
346 538 202
6 820 307
296 502 38
531 48 391
24 566 108
218 287 928
577 165 18
233 692 885
661 859 317
952 204 881
75 33 514
514 495 305
836 78 389
276 207 696
745 499 489
613 134 224
118 324 69
879 305 422
300 578 678
104 813 773
813 166 656
92 882 763
51 418 291
422 1 236
818 143 378
605 924 683
874 347 457
92 395 481
516 364 831
646 749 819
392 550 309
448 211 656
74 140 958
896 188 301
213 638 759
793 379 910
690 977 310
897 255 713
220 941 868
69 525 952
474 629 145
978 724 356
268 796 65
142 918 891
262 697 728
954 110 973
956 679 955
558 820 940
282 234 214
361 849 494
623 576 340
566 165 121
57 549 49
31 953 673
413 387 984
618 250 336
230 420 166
238 319 676
939 987 960
880 667 607
451 929 987
278 957 301
398 107 813
704 708 331
184 44 234
968 331 97
876 456 440
974 71 53
422 672 668
766 530 282
642 445 866
150 948 338
979 379 331
433 1000 528
556 951 95
208 485 282
15 654 860
130 341 650
818 883 639
148 166 452
424 713 516
709 325 725
223 180 23
288 996 425
594 747 138
755 141 220
279 346 484
672 692 694
955 641 92
88 315 192
57 439 353
853 440 526
261 244 766
981 521 386
506 476 75
345 853 895
132 385 343
702 690 952
484 396 658
242 127 859
298 684 590
334 455 253
646 928 610
326 920 363
24 676 516
578 658 868
333 203 994
38 182 799
320 621 579
5 948 158
770 990 940
62 475 962
984 641 447
242 812 609
725 167 206
332 691 788
833 113 370
727 545 764
842 382 799
600 713 663
439 268 574
104 329 257
122 825 549
387 162 630
811 222 614
450 857 171
77 296 286
370 453 963
183 482 221
25 55 296
550 571 333
325 242 889
520 451 331
180 342 496
191 851 750
388 18 946
658 112 964
824 442 23
997 623 428
289 455 674
752 910 987
306 484 720
718 633 611
156 597 963
979 387 478
498 814 515
993 145 105
555 488 458
532 408 811
404 226 921
294 567 290
897 775 963
100 22 26
224 896 606
344 862 427
114 512 993
387 877 292
981 118 238
559 120 222
188 165 448
31 753 268
314 572 507
130 85 279
207 503 615
176 822 692
710 240 141
628 361 125
696 594 840
200 303 403
329 446 515
261 349 29
338 448 354
240 241 733
898 931 586
260 356 754
623 922 625
624 341 170
458 652 756
507 320 977
70 323 669
341 566 227
913 218 331
219 191 436
165 118 145
162 416 490
832 904 310
473 873 140
690 563 204
864 98 336
239 959 732
632 787 851
309 885 166
183 101 812
929 273 295
824 945 354
128 927 259
936 750 17
700 700 875
542 120 624
554 544 860
475 889 489
237 352 503
685 346 931
352 931 503
134 742 776
476 84 491
389 686 596
829 387 108
871 921 852
324 301 979
523 199 45
780 830 330
260 629 306
143 824 963
665 219 605
875 832 57
279 216 700
527 898 155
806 472 39
563 851 2
999 485 361
416 236 821
671 282 422
726 589 460
804 222 340
140 308 550
543 992 917
888 530 728
362 665 730
223 10 874
909 704 558
442 843 959
274 534 37
837 263 91
69 184 240
290 903 771
836 182 390
33 700 267
561 368 246
551 775 939
409 869 706
512 321 543
608 652 501
612 567 876
871 811 442
117 316 503
303 838 749
443 12 684
613 216 89
358 4 28
718 947 516
669 536 409
138 975 65
607 846 394
678 573 374
231 101 810
872 68 806
510 415 30
513 594 64
311 648 908
902 569 30
719 962 106
401 907 823
944 244 616
893 390 329
705 868 487
829 263 332
370 755 715
402 199 389
697 277 698
392 361 170
205 648 783
965 347 916
885 929 682
875 152 810
984 792 648
952 970 642
924 7 664
270 750 245
157 833 74
364 998 480
357 241 225
363 811 931
504 242 825
280 446 382
205 652 201
883 843 964
97 716 993
330 383 552
973 753 209
500 789 92
942 153 904
354 405 199
691 317 563
618 502 435
52 348 680
596 473 267
328 974 75
388 814 317
831 344 650
238 611 902
891 278 896
426 306 183
616 108 64
467 145 524
60 156 267
517 234 171
871 615 209
327 369 457
20 408 719
166 267 748
482 784 106
162 404 931
3 206 682
203 248 613
821 56 939
777 420 865
433 790 412
679 724 334
698 115 617
91 168 387
754 299 126
817 380 336
883 772 731
336 756 291
244 338 493
87 715 531
398 761 599
688 215 756
643 277 111
251 670 45
169 918 565
410 408 601
640 976 693
670 826 757
478 341 340
348 777 800
29 458 810
500 499 288
41 684 869
242 143 216
620 999 659
447 526 875
984 129 493
913 529 120
224 157 279
15 737 697
394 692 351
334 55 74
348 829 825
618 834 982
587 219 425
105 445 279
988 916 765
624 301 100
799 698 926
655 848 675
313 562 704
33 986 134
558 403 348
440 144 555
105 825 795
234 727 99
208 189 975
798 688 470
567 74 249
757 530 949
665 73 238
775 10 177
839 875 767
104 914 833
214 737 84
763 374 327
380 69 803
569 271 520
944 211 315
256 565 960
701 933 233
655 591 983
257 556 644
542 385 416
374 144 426
483 466 60
189 561 458
526 263 355
796 820 518
856 785 193
307 284 704
472 544 799
667 724 492
72 203 853
444 812 576
93 277 658
83 251 663
161 480 800
724 28 766
168 185 804
361 548 444
15 170 702
687 576 980
420 940 783
450 800 930
923 280 983
206 741 831
841 477 510
718 873 729
611 533 541
210 920 715
568 119 987
258 262 934
219 489 312
1000 985 851
345 152 309
998 311 758
916 671 302
335 688 587
778 231 209
977 883 649
227 431 926
581 343 498
762 652 655
906 64 177
52 237 182
913 226 690
389 420 983
929 378 964
704 257 506
821 236 114
178 581 445
309 110 486
4 17 312
698 204 87
923 383 138
271 280 803
91 996 417
553 823 766
549 348 261
879 867 500
118 257 74
343 686 901
496 433 737
238 993 183
418 176 259
473 10 451
575 438 15
541 179 924
787 406 798
264 455 285
19 675 127
84 562 830
295 672 579
591 86 723
925 316 10
461 326 871
445 872 739
691 271 699
114 174 611
674 78 280
846 987 780
859 309 340
299 427 775
300 209 71
140 791 428
489 83 750
965 715 994
694 716 226
825 991 16
119 40 760
78 451 923
18 548 507
794 370 446
541 22 450
120 930 601
434 93 189
742 227 904
778 593 445
417 498 575
690 795 982
897 618 291
858 797 856
379 716 254
348 432 141
933 3 169
24 648 940
713 624 714
900 223 711
418 181 492
916 345 746
484 92 550
870 112 140
348 662 147
222 903 284
660 915 259
749 28 688
70 429 121
795 423 386
657 568 494
94 859 751
885 97 466
488 912 902
508 426 81
812 146 400
39 17 33
878 984 770
329 362 205
86 346 262
989 819 528
581 852 208
407 996 109
662 247 547
206 233 878
636 195 435
258 35 734
986 422 534
21 521 215
895 396 997
231 536 925
553 506 87
373 612 527
898 392 504
217 588 736
215 895 713
282 337 945
550 138 465
508 413 905
745 791 311
603 779 511
226 974 82
152 598 711
760 349 34
39 209 122
36 583 495
967 857 703
544 632 546
181 789 867
832 940 332
209 737 563
649 497 892
504 960 682
33 604 405
735 468 513
40 824 27
369 859 6
294 137 526
22 263 870
662 883 138
519 689 509
478 323 421
702 188 116
113 591 185
564 900 54
287 438 245
307 32 569
386 891 805
32 741 709
44 758 620
675 160 32
368 387 478
475 976 142
493 33 991
337 253 413
963 178 140
439 520 909
700 660 292
776 897 229
92 707 177
708 495 100
293 266 977
354 88 156
795 569 973
711 721 422
846 825 612
179 626 994
777 852 318
204 321 779
399 495 931
545 359 128
255 983 951
698 732 812
300 117 189
239 589 998
647 239 443
712 694 168
442 50 608
714 351 72
818 757 866
294 594 479
390 738 932
418 807 738
369 511 747
582 69 143
20 207 96
300 469 64
192 227 771
476 125 189
366 680 261
838 176 483
632 813 245
803 391 237
556 721 840
860 469 392
645 242 43
41 310 4
452 187 620
402 822 74
352 93 108
989 891 118
929 148 279
971 541 666
94 10 918
143 778 83
913 394 260
304 385 437
512 105 95
464 625 550
826 571 298
132 729 270
853 196 519
772 750 32
301 447 570
807 407 965
797 59 168
52 322 761
871 418 679
937 974 520
383 191 808
391 649 825
252 108 585
409 895 528
478 893 958
347 716 902
20 306 194
790 961 70
303 85 276
544 697 493
611 826 974
421 280 583
614 115 877
629 360 597
499 290 573
874 48 341
722 141 88
447 18 90
429 233 43
715 937 999
671 885 627
398 6 999
81 962 314
763 909 43
51 568 27
553 900 111
818 717 918
37 889 666
995 968 347
404 214 365
214 896 689
809 289 564
455 726 4
200 851 953
596 334 897
402 735 45
3 396 853
612 158 605
799 333 607
480 668 456
552 481 490
42 519 616
571 965 361
370 936 666
11 917 57
28 897 379
134 655 643
872 912 633
668 903 147
816 476 569
448 340 393
944 406 405
914 12 553
16 900 203
718 423 560
310 589 503
957 586 760
198 794 268
931 540 271
185 357 641
980 605 918
320 673 978
161 650 72
51 188 214
9 1 285
231 20 142
128 910 44
544 942 186
650 504 184
566 855 212
340 730 478
466 719 972
161 702 676
368 179 678
140 597 758
507 294 475
518 771 713
714 190 45
496 292 617
548 653 790
139 712 497
234 10 761
594 881 919
46 198 847
865 421 176
519 52 971
425 2 6
446 328 922
562 617 797
883 785 256
194 68 213
453 323 698
296 610 1000
478 381 904
464 768 444
231 473 876
860 375 685
124 812 767
366 854 858
755 478 487
992 371 536
872 692 170
35 129 343
93 496 739
345 677 234
506 979 878
846 874 516
976 803 9
784 453 323
142 141 997
426 329 760
223 351 147
328 569 873
463 305 337
51 953 373
964 59 133
981 16 56
267 422 462
530 290 682
114 638 731
308 77 90
560 824 794
414 684 705
392 404 260
85 128 273
415 695 407
748 114 180
422 198 119
576 560 179
62 250 172
856 340 85
4 405 492
904 653 213
356 472 584
148 313 268
368 945 805
305 381 900
912 751 992
545 572 276
736 317 814
448 708 464
770 801 754
868 670 400
256 806 273
107 129 186
109 188 546
724 812 562
997 372 79
86 205 545
780 721 420
1 193 452
690 823 596
616 806 231
492 928 642
959 166 227
674 390 993
326 37 673
899 425 568
811 167 561
967 981 742
639 85 382
311 886 669
933 474 987
146 733 593
856 276 312
768 977 445
351 75 450
107 497 146
920 982 122
121 464 996
581 467 358
403 565 976
823 551 969
140 272 724
711 762 696
439 914 665
99 864 990
325 473 834
75 409 902
790 232 580
67 901 483
578 806 549
214 621 317
126 979 803
360 997 220
489 712 297
684 448 706
92 482 175
825 956 392
89 595 586
94 881 395
410 924 939
743 437 16
909 874 75
421 54 508
157 341 421
152 370 487
325 207 561
492 983 620
327 143 665
287 696 452
750 614 371
91 494 761
713 684 896
980 430 156
29 35 668
713 902 640
836 291 977
609 670 244
807 416 387
593 626 99
417 305 845
877 983 270
268 284 66
185 103 805
807 691 105
628 193 697
437 625 454
239 467 519
557 753 327
759 234 950
842 981 549
446 822 88
336 693 60
336 616 512
209 731 246
936 808 273
902 748 993
161 335 116
867 379 628
756 221 640
546 597 660
254 396 386
424 64 100
697 751 5
755 216 54
896 602 675
141 89 465
507 162 594
248 345 561
924 28 548
563 266 893
255 37 534
998 734 627
603 836 562
459 980 378
570 942 811
388 869 181
956 59 478
769 178 81
759 14 26
101 681 584
831 961 587
943 38 130
585 335 187
992 439 459
779 582 406
106 44 700
117 858 425
828 116 797
155 537 366
697 389 231
269 749 438
791 898 193
580 305 292
612 47 367
353 260 755
503 579 938
75 522 429
339 346 883
438 158 211
746 741 699
13 769 142
913 943 542
363 611 42
75 999 219
862 347 39
920 629 477
202 756 832
725 914 873
630 914 483
693 20 650
708 347 266
341 924 860
882 264 335
870 902 888
409 76 762
970 106 110
416 112 410
346 227 999
398 787 790
503 548 169
165 850 428
817 116 769
800 71 543
819 574 417
242 303 410
333 90 397
265 742 963
752 132 115
156 686 41
185 472 43
953 818 518
66 469 61
827 918 674
952 126 264
943 780 436
10 524 232
406 372 173
344 256 476
783 471 659
483 483 483
85 126 577
497 327 602
38 648 31
316 9 841
815 935 250
263 998 271
684 780 718
526 894 685
806 101 108
679 296 206
931 874 405
383 252 524
360 418 288
849 656 834
526 2 546
128 944 483
199 319 693
378 786 381
363 613 493
715 570 466
307 23 769
165 577 648
675 150 833
289 706 89
535 10 968
626 632 187
577 368 751
586 69 585
282 271 692
822 28 606
195 25 685
757 790 172
271 255 726
548 642 648
725 30 258
650 104 833
903 343 413
924 358 312
124 193 862
957 330 18
957 334 260
170 564 817
426 792 528
45 612 56
203 47 417
418 555 299
725 439 641
949 586 169
628 704 427
618 630 15
437 448 655
194 303 415
370 500 516
696 221 826
566 705 844
390 493 541
984 773 184
653 340 245
875 430 697
172 106 509
906 909 813
209 866 220
188 968 901
683 541 636
53 678 75
455 110 701
305 533 171
319 784 146
178 287 694
883 837 930
776 137 995
990 897 403
95 946 498
963 247 137
388 909 95
648 652 731
295 123 615
4 339 227
159 286 849
787 636 713
616 395 846
238 879 964
233 984 284
876 610 930
406 285 818
122 949 290
833 812 72
921 820 713
775 519 426
298 963 576
164 415 738
486 979 245
528 117 614
680 602 788
924 397 132
830 766 659
582 658 177
210 938 711
267 125 905
956 35 172
343 71 686
566 668 629
632 981 588
930 864 298
657 193 863
978 88 437
809 521 794
9 36 366
995 229 634
87 448 266
386 527 796
345 948 516
772 214 284
966 693 163
54 422 586
570 643 59
922 818 163
946 985 639
252 879 637
867 9 991
956 217 206
672 580 819
635 699 252
906 672 649
457 999 360
948 355 904
969 647 266
341 451 25
618 43 222
277 167 832
193 469 581
776 480 849
398 272 310
91 834 569
324 173 642
744 832 85
302 451 569
215 432 726
705 851 760
526 837 321
104 454 786
538 75 417
448 225 938
367 707 442
384 107 791
74 527 284
460 352 57
899 498 626
948 44 599
906 536 289
775 858 954
483 867 989
254 882 909
897 568 119
666 354 596
392 113 121
840 628 876
581 390 511
765 208 326
24 675 373
211 874 508
504 668 720
388 391 766
116 151 655
408 665 740
971 1000 263
892 937 524
440 353 844
364 449 937
217 990 978
653 820 577
722 997 499
414 621 175
159 859 335
255 686 27
29 817 747
955 370 981
914 437 967
35 366 874
679 375 534
116 106 430
592 794 848
762 780 808
993 993 485
382 722 557
171 671 587
728 380 885
23 799 300
722 579 777
843 954 906
927 806 96
960 469 344
87 470 42
978 682 533
485 641 245
967 952 384
341 298 410
485 581 342
712 576 668
762 771 817
163 802 464
305 3 979
715 509 814
770 173 118
84 290 161
676 426 260
825 596 950
316 510 615
437 649 952
613 313 125
154 146 429
542 418 232
891 189 984
597 97 741
445 455 46
662 245 949
35 762 352
239 696 839
245 705 372
535 936 980
378 396 934
693 512 808
710 250 265
500 963 202
958 575 471
869 744 937
66 900 250
905 964 906
156 724 311
235 674 559
408 171 103
423 759 939
4 246 284
415 614 945
749 924 719
432 358 704
643 757 128
514 309 321
653 884 427
411 739 693
1000 18 367
612 104 405
451 602 561
9 643 480
337 675 381
673 298 279
232 233 117
417 270 782
590 681 132
157 284 996
737 184 300
480 605 423
518 664 709
21 976 753
12 124 585
428 236 443
449 518 549
655 528 796
581 80 996
858 673 102
486 926 154
819 359 249
172 882 695
406 171 305
335 102 175
723 728 362
865 1 523
587 950 330
914 359 948
256 566 996
803 326 475
234 14 791
561 596 370
431 901 424
814 344 327
951 707 814
581 455 997
964 936 127
171 83 69
762 740 543
638 975 611
293 674 144
444 834 891
67 63 510
382 166 557
641 241 166
136 860 640
569 696 187
704 49 203
129 231 244
661 181 147
643 904 467
491 928 981
766 395 172
140 645 140
663 960 940
891 113 87
21 920 456
969 142 675
235 295 380
322 631 590
952 397 888
819 705 478
746 105 643
955 928 208
366 318 69
457 602 767
129 672 617
351 686 465
77 529 67
718 445 13
401 815 490
988 797 443
790 707 645
399 903 817
855 437 361
811 190 654
762 883 589
794 897 844
481 239 785
546 203 769
859 423 155
265 202 352
963 961 739
698 259 87
996 527 672
552 244 733
651 799 100
89 71 846
340 760 419
220 137 70
729 71 782
122 845 740
808 522 482
813 655 419
106 338 913
228 141 3
793 107 964
317 609 600
653 779 283
441 730 743
550 45 541
433 142 893
775 983 805
896 418 158
642 286 827
656 263 431
756 262 479
245 760 199
591 695 921
802 293 448
927 321 750
247 201 991
724 504 905
611 304 403
107 253 732
467 646 24
125 946 214
360 471 835
561 455 897
24 425 915
330 485 249
569 476 53
76 136 543
403 778 879
426 107 852
841 350 811
978 995 963
412 483 818
95 853 701
122 452 762
757 373 50
545 450 281
613 901 269
821 240 22
827 220 601
601 462 923
615 148 753
64 482 605
803 716 610
419 941 722
194 221 175
688 574 298
472 886 987
833 853 949
686 473 604
938 575 379
481 826 575
991 857 368
233 61 613
853 197 174
89 879 674
545 510 701
645 865 612
226 573 951
636 521 913
853 477 744
404 235 957
599 743 837
995 450 544
988 90 357
506 668 913
625 453 174
25 972 703
351 982 781
355 497 930
24 881 240
6 758 918
559 674 82
254 628 759
959 823 354
450 614 576
206 460 934
633 916 257
852 653 74
886 670 397
237 318 203
247 627 566
742 31 41
383 906 476
526 92 255
23 263 341
261 375 772
436 353 937
179 478 718
22 268 443
190 772 309
585 361 290
991 190 861
966 272 877
191 402 674
596 801 639
884 451 965
568 567 663
136 322 436
695 970 570
452 663 741
400 680 788
828 290 290
726 158 724
140 149 619
487 895 149
470 479 983
436 947 746
773 86 644
598 221 422
799 450 290
672 434 743
150 180 649
920 398 678
615 616 365
460 355 883
463 360 309
664 625 687
922 429 256
1 180 116
207 137 885
508 429 951
717 579 351
60 970 547
169 670 784
34 498 45
362 135 401
885 703 625
11 637 392
834 863 55
152 4 131
361 701 523
503 868 215
227 515 691
655 699 445
909 234 915
461 639 622
481 181 500
747 802 171
150 117 568
889 322 914
239 791 278
511 196 55
606 192 552
706 72 127
601 513 493
565 201 6
481 911 92
723 868 410
252 435 130
882 935 616
688 920 572
357 648 298
161 381 311
87 729 284
476 299 404
573 404 88
223 411 780
726 829 163
7 68 806
497 913 263
704 235 930
34 67 292
431 375 745
225 637 445
14 281 143
875 188 112
211 523 314
861 480 659
718 853 819
968 840 119
642 859 265
690 176 65
869 963 90
541 437 548
201 753 671
721 49 582
193 300 602
696 124 604
333 253 710
361 561 534
811 196 430
527 477 373
441 156 361
500 58 157
419 988 667
372 581 532
674 940 124
984 152 604
76 720 987
612 685 936
840 832 950
384 357 146
353 660 327
629 543 934
271 71 269
706 354 302
863 707 1
190 844 996
790 658 210
122 897 866
756 576 922
331 569 243
775 621 375
839 856 209
959 825 937
154 27 774
936 950 485
532 752 900
914 920 565
368 575 552
256 164 122
730 653 610
525 628 772
648 414 950
869 498 698
333 232 838
427 249 435
900 192 969
845 893 285
485 643 958
530 356 456
917 216 295
3 723 216
229 171 946
806 481 94
40 391 986
299 45 599
633 300 842
575 968 9
250 373 169
544 989 515
476 697 323
932 613 594
294 124 870
534 723 512
368 379 715
983 376 323
484 367 880
795 869 466
155 939 74
754 901 446
965 747 386
379 606 24
550 98 124
273 133 691
980 723 300
155 345 497
927 688 126
481 692 536
24 82 912
533 798 469
57 340 29
753 460 869
15 475 112
613 189 462
275 675 277
560 107 280
165 965 895
818 728 623
455 331 680
110 761 493
806 949 998
105 430 373
372 345 518
662 61 586
104 107 312
557 125 301
911 424 741
35 136 569
309 169 536
267 392 854
285 492 41
322 298 278
895 992 625
181 946 192
604 816 822
864 396 843
133 156 974
148 354 828
339 837 675
885 983 857
886 395 668
170 472 645
215 211 721
305 859 490
852 297 397
992 542 238
976 75 861
261 314 668
923 615 790
485 658 237
59 965 226
123 926 671
322 901 987
375 915 552
242 655 811
906 80 922
33 276 866
303 964 214
625 479 472
372 307 650
579 920 14
575 421 745
139 411 839
2 304 900
822 821 542
30 424 410
509 997 238
802 716 237
818 241 125
503 203 228
608 900 318
719 311 22
119 506 755
773 833 789
69 728 498
673 127 469
83 593 220
267 510 257
4 933 592
797 405 546
258 782 479
611 10 417
326 532 375
200 286 878
598 29 170
460 102 819
197 797 203
935 733 362
608 320 276
113 246 499
345 233 581
250 534 126
352 190 955
679 350 698
612 350 686
186 407 48
971 676 784
646 688 77
248 803 398
751 443 535
227 122 736
76 365 857
455 759 991
678 7 160
684 184 373
781 746 652
99 332 312
810 520 544
3 122 485
998 453 391
480 161 8
138 356 474
369 674 57
92 672 914
40 559 815
83 649 803
610 980 712
968 510 31
334 595 868
567 76 403
919 87 965
221 388 484
428 645 67
549 452 446
859 625 295
44 898 202
281 247 205
417 229 35
52 227 288
102 26 602
869 666 652
303 305 452
120 182 625
227 32 874
584 877 575
235 228 902
491 126 475
451 179 372
315 198 139
828 511 106
14 117 697
18 147 975
740 557 284
562 137 445
18 890 765
944 869 561
280 78 259
981 505 253
742 948 848
9 75 580
964 687 623
160 838 44
773 424 110
210 447 504
301 643 417
844 371 177
508 882 569
101 273 441
9 462 123
945 693 372
571 771 669
357 902 705
254 984 74
977 319 889
737 423 205
53 493 65
378 374 588
638 201 617
782 257 693
925 45 323
858 311 747
767 556 668
459 426 423
662 233 275
103 275 3
359 617 258
452 424 826
304 231 734
726 394 673
726 323 156
18 435 408
201 597 946
312 371 925
155 507 22
306 37 334
784 421 280
58 428 377
873 123 7
43 697 146
554 707 455
805 241 114
400 781 75
286 300 760
260 653 418
881 895 295
991 645 336
886 851 958
921 754 908
973 723 192
519 980 639
819 364 106
701 358 194
706 549 393
827 558 325
322 905 600
467 69 713
570 354 391
663 735 146
712 34 449
195 335 353
891 242 586
150 258 328
102 490 288
359 596 841
889 63 869
767 242 40
143 324 942
232 879 236
787 167 786
370 685 209
919 582 761
843 224 820
661 650 721
423 150 897
519 733 609
473 253 317
526 38 202
487 962 632
87 787 196
399 384 812
418 979 186
214 989 578
356 462 547
931 80 753
363 602 659
672 102 293
459 26 460
7 809 410
356 187 79
923 257 380
92 569 985
226 93 186
119 399 14
708 212 170
66 473 217
340 152 905
352 993 494
830 196 842
698 382 526
33 102 716
481 996 668
160 785 709
698 664 447
145 104 967
552 640 896
965 447 325
77 688 943
551 623 57
870 326 709
2 862 273
733 630 830
560 440 881
281 854 9
674 949 777
703 494 295
581 505 312
5 126 850
893 523 677
670 268 602
828 395 646
662 285 571
362 15 432
449 109 843
659 130 8
353 607 766
554 1 969
390 519 59
199 601 169
109 587 178
646 424 372
876 3 285
179 241 999
660 859 374
531 598 790
348 545 68
603 651 25
598 52 767
292 225 119
791 939 243
699 788 72
889 334 751
71 923 572
854 558 373
747 769 379
809 949 815
165 716 549
894 797 311
277 411 726
335 279 831
243 374 467
91 657 691
209 493 165
368 280 83
518 978 46
359 661 806
808 636 908
138 884 136
302 962 365
659 382 437
264 767 130
479 317 8
369 47 847
909 370 476
391 855 751
747 901 514
2 516 81
243 207 623
402 961 819
977 541 30
978 563 240
287 959 436
175 178 872
622 982 56
856 703 496
891 593 169
504 242 265
931 910 555
725 441 245
56 172 74
994 909 933
657 959 488
402 119 705
570 63 758
935 326 334
337 156 399
5 178 471
726 163 411
945 285 286
546 214 518
193 343 655
399 52 647
599 570 444
70 309 407
461 785 450
518 597 498
436 146 178
695 1 487
183 381 872
168 643 640
925 386 330
470 955 629
145 678 919
212 612 131
658 403 514
245 87 840
443 674 134
925 233 856
416 525 661
95 44 429
707 109 417
37 576 209
61 519 875
108 566 431
746 973 855
827 134 364
293 909 522
881 554 15
448 710 154
175 941 410
388 619 622
784 547 22
931 375 182
780 138 747
5 418 231
636 813 977
162 653 869
445 258 503
970 489 33
823 544 949
448 14 266
11 389 16
828 302 241
920 422 844
223 849 892
470 762 455
412 405 830
232 503 879
154 293 156
210 124 445
498 1 381
660 540 205
774 303 122
477 668 92
461 936 113
424 698 362
579 368 732
454 600 740
771 748 490
761 161 531
551 39 815
656 556 234
347 288 404
892 877 18
379 739 947
608 488 158
17 207 2
910 428 493
562 35 529
227 858 93
1 364 844
516 417 581
262 922 791
372 596 479
735 110 159
309 263 595
421 189 95
757 128 449
822 610 267
652 360 205
163 231 892
876 154 542
806 149 170
738 944 595
136 976 150
272 30 546
530 730 446
172 997 475
132 417 40
756 196 111
130 370 387
257 626 492
98 692 911
843 960 68
918 882 199
975 932 969
867 98 604
333 30 139
443 162 967
847 875 835
755 149 125
657 525 314
426 427 987
526 476 85
857 359 792
188 658 588
543 1000 83
605 381 515
794 178 737
25 663 369
926 544 515
180 218 107
646 377 253
690 525 820
132 635 700
122 383 951
311 840 568
646 408 379
421 876 60
985 839 217
799 448 531
371 505 605
401 863 136
24 876 776
880 30 633
734 801 775
11 403 888
737 406 522
345 29 859
345 539 312
524 993 492
845 992 291
151 40 785
318 386 430
492 742 381
132 81 190
856 493 500
337 45 504
115 421 246
761 32 570
944 55 761
18 712 222
351 609 108
550 140 663
173 67 808
363 283 14
237 754 802
588 642 497
365 278 637
775 240 81
244 758 841
862 798 364
666 772 918
349 656 413
280 803 744
7 263 976
539 548 677
51 422 668
964 722 128
481 733 423
766 395 839
606 801 829
75 974 410
288 974 94
772 359 446
281 731 922
336 477 492
286 865 648
45 245 35
573 542 683
819 78 808
641 361 137
245 733 848
736 313 929
302 916 127
98 462 746
238 84 172
945 486 765
384 218 774
823 855 169
208 202 895
395 663 353
394 864 831
868 260 644
518 150 192
680 553 792
39 558 986
293 491 557
953 503 708
841 561 579
696 351 188
808 616 135
938 437 489
555 142 211
576 863 481
9 898 42
347 47 243
180 470 254
677 744 94
934 891 236
902 215 102
822 477 716
992 234 553
860 399 537
154 419 180
204 202 393
181 913 196
225 256 485
267 965 921
195 732 240
110 67 70
804 280 471
224 125 381
267 204 886
452 395 308
666 40 112
298 790 537
462 716 365
151 984 727
491 849 621
155 287 429
104 416 483
16 746 47
685 496 450
668 683 640
736 971 810
548 446 88
520 966 416
987 955 816
134 284 569
891 295 276
921 495 520
604 754 524
118 721 491
241 176 497
715 762 192
671 154 911
468 45 967
203 992 250
467 563 494
146 157 912
209 6 440
382 902 75
651 293 851
951 391 567
173 89 46
52 421 632
753 995 82
112 883 722
965 672 589
55 33 599
889 48 682
881 123 976
703 348 108
315 699 600
145 548 648
622 804 780
333 7 577
246 66 617
852 729 832
582 689 542
359 709 460
938 754 901
162 286 558
487 127 781
203 996 265
910 914 583
253 419 168
876 577 233
137 128 986
705 185 539
887 694 487
156 861 424
27 995 500
208 505 869
234 389 166
395 943 734
154 236 185
481 887 477
689 180 890
294 837 98
567 495 983
232 841 90
990 384 122
250 299 757
688 645 399
873 946 446
355 684 33
462 993 446
474 516 529
126 554 74
949 859 851
330 993 67
487 513 270
667 922 683
630 303 196
583 581 402
159 28 358
79 783 148
435 761 472
856 161 537
540 741 235
678 396 853
918 161 894
504 725 89
329 5 853
332 757 924
876 184 910
414 558 361
811 726 336
915 681 290
401 923 126
573 973 209
355 103 436
896 641 152
747 273 39
624 705 453
202 290 212
858 631 802
12 552 933
245 353 596
391 304 513
453 768 468
741 149 135
208 444 474
782 624 24
509 5 340
440 394 76
316 349 874
241 858 689
565 606 224
740 996 983
548 209 951
795 562 945
162 705 65
55 517 173
632 844 659
203 650 763
467 26 943
343 878 685
406 843 200
462 335 51
579 796 366
650 520 943
605 131 647
753 425 132
465 919 432
95 252 632
977 826 175
109 429 922
23 234 428
412 73 468
955 741 776
724 261 746
458 355 127
370 510 294
40 914 416
692 129 729
88 317 441
998 72 557
341 574 965
345 606 11
456 537 75
25 989 455
665 91 875
816 967 333
389 64 287
931 281 339
834 530 471
73 555 861
364 473 23
388 328 569
83 239 972
989 231 25
888 398 242
259 540 749
510 62 661
129 5 622
395 884 971
419 209 973
294 217 76
833 668 818
239 947 860
450 366 247
504 924 650
289 281 740
573 987 683
660 206 38
426 410 447
225 813 74
309 112 562
312 424 327
475 385 99
543 936 139
270 679 53
202 419 351
997 308 445
769 262 63
408 370 15
937 709 896
639 80 52
843 192 844
439 744 724
442 741 212
703 786 900
526 814 475
842 833 838
885 286 208
31 39 850
491 858 522
108 609 274
318 686 846
407 260 275
55 240 939
34 67 482
855 360 204
35 423 537
6 876 142
270 592 855
188 158 25
278 5 694
181 156 498
731 752 895
455 970 329
926 662 821
779 55 490
337 464 509
326 390 471
880 430 534
848 909 246
154 621 984
602 329 139
735 470 443
521 41 239
685 585 462
690 445 973
833 587 712
539 875 528
26 11 314
319 262 545
146 709 935
719 154 585
534 116 2
841 813 138
388 707 396
477 609 774
985 600 453
186 645 228
782 973 573
739 568 128
526 890 829
977 101 14
819 603 717
384 798 123
802 539 640
867 502 765
902 660 26
637 717 847
952 812 956
438 590 791
428 321 750
268 70 979
683 994 547
54 102 390
738 891 410
292 197 943
525 690 189
995 888 547
584 579 337
907 903 297
215 558 677
882 781 702
221 777 523
637 763 323
337 223 750
19 837 147
924 375 31
60 631 491
859 123 246
836 855 304
975 223 14
225 188 243
748 857 483
733 659 708
586 938 117
610 307 282
555 419 540
51 549 394
466 924 499
109 752 291
148 436 298
793 596 463
367 748 203
269 831 573
404 770 65
716 563 456
959 752 3
442 766 379
655 549 945
438 871 344
149 833 510
142 314 341
233 505 944
30 586 953
89 91 38
405 942 383
147 537 37
333 895 577
712 144 813
92 393 241
241 157 877
564 590 902
775 341 541
838 415 863
385 725 90
677 345 917
123 117 693
268 946 529
141 439 188
880 374 696
684 909 375
363 305 502
923 838 439
96 799 975
899 776 511
882 977 21
844 707 207
613 681 473
872 445 694
204 930 108
508 209 1
314 82 643
496 718 631
476 452 205
329 220 748
746 461 56
742 482 560
895 955 478
638 921 846
479 705 770
65 261 573
582 72 928
833 860 442
891 488 752
966 174 649
364 170 963
619 823 617
411 253 392
822 538 286
948 140 632
600 591 721
521 210 479
474 824 910
439 296 991
87 243 675
266 784 527
374 69 721
629 451 66
419 135 960
600 159 833
411 272 769
915 650 754
19 670 22
136 559 596
673 665 676
397 357 649
798 14 959
918 391 333
332 230 58
83 146 920
450 265 786
832 646 711
300 807 879
328 381 602
997 802 581
777 855 373
563 19 186
761 221 584
604 429 730
591 138 221
387 970 166
804 9 806
325 274 48
743 864 40
757 788 480
18 724 871
112 435 462
208 718 655
616 354 458
821 359 365
898 557 619
902 741 417
369 60 710
621 966 540
92 27 904
96 464 299
735 11 286
721 692 344
128 609 65
195 399 823
242 368 547
122 402 620
189 248 929
521 675 328
516 693 340
924 653 292
676 422 709
405 570 76
512 155 425
95 111 597
764 616 251
17 565 204
65 476 415
778 601 484
826 226 164
146 272 233
845 674 814
954 599 549
44 223 951
737 353 840
299 959 777
562 267 558
400 652 23
270 139 431
306 543 277
940 461 523
367 634 935
905 76 720
355 851 140
752 123 715
623 596 796
897 709 893
249 72 235
34 925 786
273 38 43
889 874 117
192 432 763
680 387 249
935 103 92
400 178 431
147 79 221
372 234 243
258 249 702
471 528 13
113 256 545
304 124 314
970 894 836
929 946 867
746 802 527
208 311 570
597 437 759
422 865 968
637 813 238
677 672 268
933 206 557
593 802 572
637 674 652
967 33 822
525 562 331
187 564 467
982 418 655
50 936 633
476 207 262
336 50 633
57 37 147
788 457 995
781 363 519
193 978 55
815 831 228
6 542 702
957 567 768
913 30 261
269 966 550
938 988 58
982 446 993
724 834 192
403 40 338
836 481 391
274 598 447
892 135 614
859 939 355
453 725 541
755 167 126
511 247 265
160 908 673
84 230 800
626 178 453
822 913 792
780 156 373
902 120 926
445 211 235
552 910 92
606 8 982
503 652 187
998 850 48
494 421 458
298 640 194
689 55 887
834 207 751
440 539 452
418 299 16
261 773 566
46 245 90
929 678 950
606 745 741
848 86 945
568 585 268
686 179 998
351 458 316
392 506 563
844 67 390
365 518 867
49 837 619
695 321 903
772 291 756
771 146 433
170 67 883
424 293 441
958 168 183
510 160 140
773 374 327
816 243 386
512 773 256
286 524 715
531 516 241
719 182 680
854 574 586
886 254 272
68 241 408
984 318 701
54 810 985
855 766 798
113 380 446
133 361 199
627 673 489
31 947 370
45 256 776
262 88 640
384 368 833
558 148 789
917 438 270
243 725 55
671 899 601
809 583 272
877 929 294
120 586 696
874 947 280
347 562 514
820 251 403
361 141 391
297 184 603
273 736 846
585 391 59
495 930 355
613 393 394
429 630 705
143 439 360
867 136 865
594 833 388
390 21 3
854 879 942
560 160 278
500 740 470
574 450 755
556 145 38
565 50 713
243 795 175
172 859 185
404 858 226
284 562 177
71 989 383
451 676 566
836 973 425
149 827 147
331 871 328
523 787 807
293 399 708
87 858 255
485 62 492
902 616 954
37 180 273
120 213 140
595 874 272
326 800 240
416 792 696
826 557 816
836 773 345
702 874 228
832 800 932
369 512 709
357 188 206
950 931 139
842 578 763
947 571 753
265 518 78
484 39 325
715 266 352
759 280 902
790 731 130
63 481 83
729 56 544
354 620 721
237 895 613
461 284 738
462 191 812
966 660 30
57 167 666
864 553 934
177 110 542
291 247 820
603 587 878
549 547 379
295 476 502
411 414 86
693 526 904
950 784 369
858 608 254
105 43 818
77 178 733
808 954 934
840 528 588
674 311 397
164 143 639
112 159 120
910 811 799
312 785 631
951 758 144
689 566 219
333 249 149
706 115 539
52 705 723
89 842 776
157 873 772
624 757 275
992 94 844
134 914 655
153 515 127
734 303 113
432 76 721
795 345 911
643 911 131
142 946 161
662 964 855
615 179 284
912 294 905
508 272 77
550 604 217
328 321 840
430 784 333
36 853 777
665 592 341
900 990 573
181 78 696
255 389 561
697 611 833
249 922 250
563 34 27
998 416 248
589 29 166
974 414 484
3 963 692
422 386 83
398 117 562
394 712 232
592 14 373
118 174 133
186 81 92
227 328 239
582 737 410
589 229 252
392 828 675
106 596 249
657 562 627
151 155 643
597 960 767
109 760 340
217 920 194
401 83 946
247 676 243
637 82 287
350 784 422
963 763 172
967 792 187
346 684 307
184 43 361
606 602 816
915 838 10
571 866 786
305 614 542
991 320 771
787 228 334
107 159 882
861 579 982
179 246 971
851 776 567
25 362 979
562 166 860
732 687 959
402 914 300
951 942 352
501 715 598
923 71 286
762 761 489
189 705 716
188 110 838
238 922 237
849 63 886
559 123 325
386 707 426
412 231 509
214 254 792
188 171 829
224 519 896
639 93 852
551 576 909
961 398 934
488 311 422
249 430 459
970 554 635
886 913 774
263 208 328
378 203 200
818 737 769
304 425 508
51 631 290
810 383 630
19 360 506
559 800 34
290 930 167
538 656 250
729 904 110
264 522 36
669 134 666
384 459 271
485 921 435
501 112 407
596 979 157
499 839 741
593 89 179
868 452 726
603 838 552
347 331 261
773 955 287
662 269 378
661 582 716
686 475 960
490 770 612
546 308 432
47 137 223
727 48 769
599 53 555
66 487 55
31 847 257
727 311 369
225 502 983
763 957 170
101 951 856
865 573 626
399 190 154
171 307 435
466 425 816
16 753 102
990 619 320
38 958 665
464 53 95
644 649 944
857 694 632
98 457 908
401 882 399
902 41 787
741 806 7
997 353 599
900 330 100
40 928 379
828 105 391
499 950 637
124 548 728
673 621 9
895 452 559
580 244 880
355 841 613
376 329 475
657 345 860
582 747 726
359 84 18
942 902 939
824 953 488
135 922 12
10 740 656
225 360 47
374 299 832
174 826 784
632 684 215
519 425 906
513 188 659
362 489 561
268 822 563
168 827 793
527 638 210
99 885 826
355 443 197
55 745 840
709 78 194
281 716 480
84 798 263
882 726 94
169 370 385
274 369 568
311 978 134
273 250 38
774 32 712
296 392 69
685 577 638
251 305 520
888 541 484
738 589 905
696 150 954
336 614 945
632 316 651
746 537 122
164 798 939
258 375 662
376 53 244
639 645 399
333 491 122
341 202 654
594 225 319
844 12 915
778 393 256
442 872 449
798 723 607
993 811 561
601 269 302
974 175 196
882 25 724
345 388 241
276 691 808
753 357 247
478 588 789
164 875 154
308 343 254
564 931 528
480 637 189
837 55 361
157 862 621
506 936 833
852 697 140
439 877 506
418 30 762
627 96 480
400 70 73
676 673 228
185 452 152
357 252 991
30 462 566
775 717 930
505 309 187
348 922 708
34 907 116
235 470 327
2 87 398
443 127 601
94 20 576
99 620 233
212 649 354
852 171 750
683 488 277
956 33 698
908 288 167
557 917 197
19 241 507
872 558 404
668 100 294
803 240 183
796 419 39
100 658 827
435 283 383
12 878 22
302 204 852
653 747 927
292 852 488
712 539 475
920 22 282
455 554 698
778 935 15
472 13 697
543 244 54
622 33 511
779 355 642
650 434 489
904 898 330
504 999 573
491 752 412
708 25 312
888 313 181
34 663 827
724 622 113
983 812 463
737 633 461
635 436 540
956 702 812
990 126 753
174 215 146
471 777 348
103 921 48
119 369 610
10 89 542
429 976 179
494 486 718
433 482 142
805 936 724
179 608 898
88 31 838
823 985 688
952 166 430
824 292 773
959 774 985
277 147 197
475 225 275
283 785 72
949 988 605
161 433 488
708 655 936
370 319 533
647 603 689
795 534 167
611 258 261
318 564 509
65 677 924
840 796 430
402 653 43
349 732 93
708 413 952
772 703 171
217 808 468
400 860 43
485 693 964
47 750 250
914 849 834
615 673 233
320 487 153
689 726 2
282 564 636
186 532 98
196 360 100
137 480 479
225 589 669
209 352 403
55 330 253
234 533 890
275 636 111
694 438 28
501 321 86
271 929 559
991 656 303
234 503 495
108 457 664
522 477 661
975 615 274
230 451 776
859 982 786
304 825 276
80 997 488
515 482 94
763 428 762
111 225 690
771 419 239
628 872 569
918 984 72
994 662 606
269 690 515
667 765 517
279 135 489
492 48 857
76 8 11
905 397 535
937 918 681
700 153 42
506 635 775
554 549 877
403 562 515
369 517 89
510 580 984
929 959 891
620 217 909
710 936 622
32 639 495
480 278 923
363 193 734
728 144 275
652 624 146
954 421 380
425 224 283
357 916 992
371 367 188
301 60 456
267 124 691
775 500 998
349 392 4
259 916 31
897 884 526
82 162 15
338 628 880
344 389 664
444 878 260
347 817 644
347 757 122
169 285 472
95 466 645
506 444 398
996 136 755
715 355 428
956 31 204
193 833 857
100 875 631
585 516 356
114 149 552
917 87 966
311 130 504
171 957 153
444 524 805
276 981 705
827 93 422
204 73 98
477 236 656
161 933 635
377 797 463
18 964 961
906 244 921
556 496 1
278 711 691
924 761 555
848 854 597
766 154 180
658 935 386
783 568 944
806 691 972
244 96 818
143 9 249
105 315 967
382 211 872
649 569 173
702 20 10
531 827 926
672 361 487
241 914 171
854 672 563
401 781 449
790 413 849
668 254 943
885 683 18
587 971 162
159 761 517
824 365 862
411 542 422
57 743 728
189 369 728
50 748 629
940 270 328
267 346 35
681 61 838
503 876 48
310 1000 699
159 749 295
889 417 214
678 782 102
196 675 417
175 911 342
63 686 633
968 111 980
401 69 520
978 808 795
901 346 362
635 592 55
64 399 868
522 908 349
823 239 268
843 888 527
162 299 142
871 467 217
314 912 751
915 157 968
705 872 884
762 872 868
699 817 244
515 136 107
828 364 778
196 736 328
898 887 443
466 544 693
403 97 193
559 172 276
671 446 402
686 698 478
782 755 46
797 658 657
69 466 120
90 574 148
728 937 53
857 680 178
757 809 754
792 244 481
872 649 839
116 819 828
453 743 540
375 584 564
330 482 121
961 126 616
531 257 491
814 43 332
843 492 734
931 717 965
116 607 99
18 60 826
531 531 648
637 100 64
961 132 868
53 526 15
695 589 202
362 163 280
867 808 866
24 818 915
615 80 160
623 68 158
734 408 236
203 480 305
916 184 754
502 536 843
363 420 179
682 529 519
462 63 766
381 189 181
514 834 583
82 112 658
733 870 653
678 444 891
303 25 646
420 698 587
413 963 953
800 666 54
922 537 765
530 363 979
758 91 324
278 948 19
717 833 316
209 538 132
860 283 476
375 216 647
225 817 4
398 231 611
211 426 413
366 800 690
58 826 947
212 610 448
623 346 798
403 242 792
36 482 236
708 671 529
291 599 696
537 397 843
141 373 912
6 33 479
647 190 259
50 710 253
964 369 104
160 955 223
974 490 260
657 979 902
105 265 270
964 630 76
32 563 243
974 63 97
438 28 273
623 759 307
429 649 136
440 311 500
637 447 946
664 944 567
387 8 73
885 827 991
779 977 773
302 570 134
465 420 980
150 232 685
589 621 993
693 808 580
747 975 299
825 324 1
58 37 802
43 879 367
832 952 752
999 531 371
537 637 421
326 708 891
498 479 630
848 561 404
820 855 805
672 245 943
13 678 962
412 993 734
211 446 198
374 156 816
875 563 800
636 973 352
61 589 96
517 536 909
495 820 242
848 462 16
788 984 189
663 478 179
80 610 462
762 501 578
223 387 493
237 864 577
127 361 479
954 242 184
46 90 657
773 772 591
580 375 87
964 228 179
824 345 302
446 175 715
893 139 418
816 193 234
8 510 932
474 259 220
967 576 669
977 952 352
337 563 143
988 78 731
314 243 912
600 253 819
367 609 493
658 828 959
367 961 360
849 404 835
392 66 425
124 231 288
948 437 490
462 257 503
9 965 62
126 348 79
179 553 669
44 623 527
5 352 295
771 289 308
527 843 334
619 886 669
634 273 253
395 14 431
376 442 209
946 825 661
902 437 377
807 489 220
641 393 429
515 144 424
546 965 557
226 933 993
511 459 329
82 211 923
85 367 846
34 13 250
763 400 269
476 335 150
315 169 644
696 741 184
667 551 587
198 253 666
502 979 580
149 537 165
901 437 575
76 593 850
606 358 468
686 610 979
589 789 876
755 928 365
44 775 736
192 789 750
577 936 512
585 188 803
564 33 908
911 285 119
202 632 946
276 804 423
708 714 635
109 283 443
364 888 603
456 879 29
231 197 759
999 828 571
89 590 26
566 784 580
174 968 608
764 307 613
602 236 43
897 712 901
656 527 722
776 840 308
439 915 609
178 767 445
81 609 921
854 313 243
353 698 434
615 101 39
273 578 199
309 327 424
557 294 196
136 576 30
413 929 418
581 396 471
75 282 759
123 909 346
899 842 407
546 650 965
87 889 970
209 204 849
897 175 418
127 110 463
239 209 834
64 398 393
142 611 122
615 46 681
397 691 567
738 241 195
797 904 631
385 840 380
654 785 784
783 967 346
991 66 223
130 613 978
620 663 178
806 83 572
591 908 81
456 878 676
888 973 619
538 613 776
403 25 400
908 180 254
460 68 901
107 311 865
888 613 140
40 141 25
175 232 665
34 80 314
702 926 884
234 485 417
569 181 417
218 721 195
510 885 576
823 754 273
793 45 795
131 437 884
985 602 582
540 5 116
332 577 225
665 501 584
922 311 618
897 492 326
936 950 821
653 812 11
773 619 923
559 556 139
577 890 741
474 688 159
41 819 659
500 943 829
979 191 458
435 770 323
315 316 566
732 858 980
784 671 727
571 462 318
397 764 974
699 681 409
684 778 599
557 470 979
895 258 598
480 478 989
151 804 815
222 403 125
59 508 228
20 159 80
674 259 701
744 469 590
462 240 196
876 199 732
597 15 433
321 605 898
597 620 242
788 767 211
975 507 562
859 768 682
461 234 791
341 781 638
950 252 211
629 422 958
519 423 455
784 453 288
217 151 823
194 643 434
259 979 313
739 358 107
147 616 569
649 548 549
108 614 729
708 904 378
459 15 241
925 814 405
396 193 690
500 628 22
841 239 156
358 419 248
440 771 927
30 196 845
419 122 618
128 701 231
366 813 443
137 132 520
96 799 549
202 480 699
645 400 678
874 632 476
27 175 959
354 858 165
901 638 378
861 407 316
652 892 124
864 13 593
425 399 310
134 208 317
546 60 665
72 344 420
177 61 146
763 227 42
741 277 21
676 138 54
500 530 948
245 858 594
11 753 583
274 120 913
517 601 122
615 713 231
920 60 591
442 288 738
789 2 32
421 435 208
147 780 616
802 614 175
489 58 83
473 158 769
237 816 629
718 638 491
204 283 838
459 449 777
629 316 44
386 538 598
871 312 356
144 636 453
257 284 16
754 542 633
934 492 567
396 776 931
31 768 482
621 186 80
175 291 688
43 624 490
957 216 65
901 455 505
134 409 911
740 983 937
508 903 392
267 596 381
500 802 509
87 587 85
99 868 201
809 650 716
321 898 567
553 602 488
866 784 617
655 886 190
14 231 301
446 403 366
933 138 123
26 479 112
488 732 906
103 40 753
739 161 856
339 305 300
73 415 518
388 978 320
688 619 278
92 744 748
304 277 538
676 812 827
623 530 312
528 983 776
515 613 147
690 412 523
691 319 918
92 75 750
115 282 403
187 718 40
166 18 54
704 259 178
512 333 587
286 651 499
898 216 994
475 802 711
797 915 132
579 354 293
936 93 547
871 240 693
359 731 631
23 845 800
63 165 477
200 292 115
490 43 499
694 158 493
904 351 52
891 390 455
676 92 775
667 490 93
758 881 768
117 939 19
797 931 504
637 741 453
858 10 276
546 594 355
462 186 620
762 608 276
343 732 188
696 694 973
88 478 943
297 361 215
626 592 191
683 556 697
184 178 445
522 849 375
270 751 442
137 623 889
826 180 760
369 810 608
606 309 182
233 825 730
794 711 732
43 466 854
244 321 229
64 412 156
514 346 40
841 946 532
553 700 528
325 993 431
471 702 391
227 4 14
861 79 804
518 32 471
294 694 784
198 844 400
160 512 501
490 536 457
367 618 322
418 468 485
50 389 179
377 897 70
16 461 555
877 438 989
575 994 508
665 439 352
541 536 290
677 205 521
206 608 408
11 345 292
21 582 754
892 484 705
475 671 308
893 371 71
56 234 609
756 331 449
899 518 681
658 136 531
943 902 154
942 782 623
472 129 796
287 586 692
484 518 519
190 199 152
284 11 563
503 886 694
451 173 666
769 863 548
74 212 501
777 371 746
352 502 589
226 328 952
146 484 122
16 83 274
402 454 999
921 406 338
662 232 252
181 133 121
303 56 450
645 286 42
898 717 686
224 89 902
545 144 386
69 582 1000
32 595 323
69 501 738
345 885 160
585 279 800
348 229 994
933 806 249
939 737 735
190 200 502
796 502 376
185 610 190
897 332 430
618 301 646
427 966 221
655 877 994
235 272 174
853 470 154
263 230 490
191 394 678
391 110 109
930 835 306
778 464 642
709 76 295
597 353 772
284 112 456
813 722 521
356 597 466
118 137 605
356 205 874
347 29 762
657 94 809
173 723 201
146 474 427
580 137 637
38 647 317
485 696 632
58 232 724
487 412 559
825 656 116
204 779 113
802 897 584
85 556 331
101 776 669
55 615 980
913 308 766
819 24 809
614 342 546
392 33 837
674 35 530
976 558 837
811 638 429
693 697 691
146 415 318
55 336 131
999 53 415
426 815 105
542 870 284
614 289 417
153 223 877
561 860 92
217 387 88
448 983 53
870 952 508
688 239 942
628 990 837
847 458 968
451 977 415
763 378 162
879 188 637
645 588 930
791 38 190
523 484 192
712 265 37
716 433 110
640 229 129
998 824 914
650 837 80
795 290 129
630 664 934
744 789 918
480 316 363
116 828 150
549 637 736
858 736 262
130 338 50
59 366 69
879 773 88
865 400 735
295 918 913
537 395 589
594 748 633
370 752 831
508 565 285
673 349 671
638 912 438
419 443 161
508 890 828
913 428 349
18 628 127
628 859 468
392 388 18
189 534 353
895 422 629
992 443 306
186 624 174
184 150 633
12 455 594
230 326 862
813 976 757
428 658 835
4 883 149
196 479 186
311 771 862
939 848 117
686 897 125
182 146 639
82 885 398
141 841 400
325 884 948
130 427 901
935 658 181
636 378 301
839 803 501
511 558 92
149 22 432
694 614 120
953 269 377
542 224 611
105 560 681
443 24 123
51 8 111
225 820 929
350 920 948
687 280 701
720 402 467
482 544 65
510 990 59
641 900 900
25 73 881
111 242 811
794 196 797
756 513 816
187 624 289
660 101 144
231 550 914
821 66 202
566 194 613
424 296 221
306 416 627
622 73 531
296 923 497
748 889 811
110 416 376
857 284 825
577 828 811
577 542 573
700 349 330
456 826 599
24 279 44
9 229 243
226 383 123
524 166 412
695 955 278
624 853 502
375 416 570
980 420 846
835 154 678
179 276 44
462 770 507
56 282 223
319 504 60
232 675 326
89 211 799
325 264 584
609 933 161
360 791 32
561 966 624
491 35 484
900 271 240
202 538 528
283 603 529
861 398 496
896 9 881
329 537 177
261 216 539
728 499 745
632 463 914
624 343 785
897 681 843
102 289 5
275 710 263
315 11 353
241 366 402
61 343 182
925 887 564
57 301 37
36 587 165
643 800 52
951 508 112
345 727 324
609 837 711
284 767 994
829 678 228
114 106 633
138 579 428
951 646 882
686 909 909
599 982 826
179 26 312
564 785 284
929 376 607
130 671 736
595 661 799
882 408 789
518 918 651
23 260 216
850 780 86
199 582 188
123 621 418
635 354 129
116 467 202
49 100 394
809 523 802
806 417 134
469 518 448
844 289 178
319 651 697
454 421 965
6 387 540
988 294 510
301 650 24
21 816 256
543 223 383
837 237 844
395 722 506
205 838 307
21 405 715
880 578 848
515 69 389
226 706 775
454 132 513
8 686 771
261 261 32
449 711 606
771 351 429
285 256 835
930 243 535
759 10 343
830 218 720
272 500 364
771 181 955
988 182 123
373 235 703
448 841 518
483 29 301
600 896 585
94 935 98
787 78 688
514 368 125
669 988 910
363 150 872
296 29 878
796 651 310
559 528 624
880 656 682
276 979 22
154 268 573
345 16 812
922 337 221
402 846 80
408 751 793
634 58 326
11 682 212
448 280 886
103 879 165
630 659 17
748 745 245
335 348 450
955 231 365
313 570 14
482 108 58
370 95 23
663 296 181
289 884 409
324 753 243
955 425 289
832 893 808
594 727 906
20 944 251
921 188 80
753 124 160
255 459 9
365 221 401
654 924 202
565 400 42
623 214 253
260 24 216
584 921 552
306 453 60
838 608 965
506 103 641
540 953 571
124 714 258
524 271 199
800 165 608
555 985 656
495 220 141
771 659 201
564 995 204
103 349 681
794 250 149
236 324 654
804 648 467
502 614 229
416 85 776
539 731 443
802 173 550
194 484 547
609 666 780
300 791 801
407 339 177
631 509 266
873 514 298
156 970 357
906 488 734
582 693 459
952 208 396
420 523 934
579 142 810
561 631 2
954 915 929
451 957 933
235 438 504
519 427 777
175 302 790
915 336 851
31 837 117
657 160 880
542 479 119
198 142 47
669 261 29
861 716 738
398 252 767
394 489 190
358 39 764
563 481 824
782 404 213
202 212 640
277 118 183
62 443 595
782 484 775
6 32 247
743 998 900
420 568 469
245 399 595
12 176 634
988 918 312
872 767 321
748 971 724
240 471 963
293 60 272
199 316 19
963 497 395
41 160 773
822 927 170
138 356 82
523 980 806
366 918 241
398 578 373
971 500 669
180 653 821
633 453 794
454 551 574
154 927 755
704 78 811
729 113 286
958 640 677
569 224 495
808 381 450
365 263 464
94 597 767
654 516 130
302 371 66
775 225 419
4 570 661
448 532 458
907 309 900
927 414 105
553 793 102
285 906 155
498 473 786
377 905 140
114 680 89
771 899 797
100 308 697
232 760 891
548 698 62
93 548 494
38 563 130
748 208 529
159 963 686
296 415 984
480 640 918
490 920 34
878 648 759
493 487 29
791 455 673
426 76 575
214 437 221
120 547 937
910 113 8
118 35 499
774 626 830
338 177 544
33 240 30
288 283 998
958 327 148
924 747 313
659 115 547
628 235 457
187 935 745
852 126 491
889 83 982
208 505 466
10 139 966
972 97 838
662 966 869
272 286 817
635 423 205
888 139 788
880 523 227
710 231 684
593 266 352
320 416 25
43 679 946
882 318 480
383 649 873
894 157 320
29 928 225
821 856 496
221 412 92
705 794 695
570 199 896
171 664 986
475 301 890
219 152 925
592 354 449
465 877 934
861 237 496
479 196 658
438 353 433
308 639 194
881 713 408
574 931 15
130 824 584
189 784 980
741 732 822
83 879 191
312 286 430
105 945 735
949 854 990
764 753 365
354 149 199
516 147 105
467 149 652
83 191 72
68 675 393
312 407 730
280 962 268
110 488 547
927 695 211
954 1000 153
403 710 667
699 717 89
865 207 448
701 199 748
999 958 142
672 499 752
43 793 517
74 584 614
530 732 826
329 735 197
476 64 175
88 844 244
499 39 628
186 921 880
108 304 41
551 318 922
324 917 562
806 781 216
779 125 692
139 162 875
993 751 570
160 806 785
747 152 792
438 411 696
879 973 778
978 300 252
892 803 539
982 92 739
985 307 359
396 55 560
751 310 784
480 418 691
903 635 74
63 709 751
478 746 186
276 440 729
321 84 72
505 225 203
897 598 64
659 275 459
35 99 473
578 396 641
140 327 483
245 816 584
545 673 236
232 649 166
928 20 439
840 586 573
565 612 2
127 283 48
927 306 759
637 345 895
910 721 768
557 970 608
100 828 461
292 79 401
644 562 905
52 479 166
842 743 456
554 101 808
858 411 699
976 692 901
445 213 198
833 86 989
659 419 120
643 800 624
614 623 260
696 635 529
288 176 233
799 897 916
651 856 332
611 423 399
9 627 686
451 851 319
327 654 23
526 667 613
235 150 433
152 457 112
677 355 275
142 829 412
65 666 477
990 738 441
147 621 223
632 581 802
790 149 937
633 941 250
597 594 461
741 273 829
370 131 193
474 336 31
687 143 240
549 1 899
667 388 367
579 790 275
472 426 654
523 45 663
398 525 366
642 431 966
388 150 8
152 478 797
158 507 312
136 645 388
481 311 432
100 331 793
37 996 1
755 180 799
300 598 786
298 262 84
121 319 483
427 18 120
356 742 686
858 422 191
145 319 235
386 672 153
432 670 701
244 710 189
288 499 28
111 208 358
173 217 530
226 478 395
225 58 252
459 655 605
955 924 475
487 417 555
284 820 348
204 693 82
673 631 761
607 239 65
336 275 51
377 451 39
206 376 325
766 420 604
826 426 294
607 548 883
314 523 419
68 136 809
29 814 97
723 336 265
692 910 19
160 681 332
163 804 785
808 189 588
717 803 214
700 38 863
683 275 741
195 255 489
141 718 135
361 718 71
308 547 595
676 513 741
213 889 507
731 249 252
329 717 599
183 860 192
773 205 305
280 884 209
525 908 386
51 609 882
175 92 230
452 603 52
481 219 864
58 578 724
76 620 898
352 51 375
596 136 762
729 14 752
758 245 687
308 574 816
155 153 638
865 445 909
126 614 460
641 683 117
497 845 268
479 920 541
727 980 509
923 485 419
817 934 211
417 525 601
931 836 190
726 874 280
554 309 251
986 162 367
316 83 408
88 736 983
898 341 277
870 248 642
406 379 363
535 155 643
310 628 360
592 698 698
19 191 948
436 514 983
402 70 245
476 478 677
839 170 137
655 251 885
412 308 901
64 939 117
638 276 107
924 212 684
374 476 506
424 508 770
667 470 940
661 13 783
899 922 227
665 421 931
267 368 698
97 866 819
242 319 5
941 468 417
825 296 554
549 365 305
442 952 214
736 409 436
531 230 121
905 155 748
869 394 772
401 289 649
877 340 607
22 198 995
272 267 982
500 680 179
229 202 445
317 339 651
617 468 545
79 149 329
935 282 545
347 813 798
626 229 958
675 779 720
994 73 119
27 683 24
902 713 26
149 470 130
907 975 475
604 862 27
250 363 255
789 618 406
736 648 245
100 886 528
374 919 769
237 170 176
912 875 708
732 589 984
796 349 300
822 608 540
890 810 942
333 859 371
968 731 788
239 97 151
347 186 719
971 196 825
609 659 797
254 299 974
276 749 656
97 583 422
207 980 637
131 305 498
99 253 578
27 977 130
998 964 782
827 710 234
849 443 107
811 754 945
210 414 281
986 377 651
37 128 945
13 407 200
140 39 847
315 305 309
215 387 253
589 312 745
956 918 298
900 897 432
344 852 922
340 930 511
776 757 388
412 829 430
872 191 343
606 960 485
716 906 710
504 190 698
807 53 169
239 549 507
466 946 413
767 787 353
849 574 924
86 350 98
44 640 304
321 761 470
436 114 252
457 502 786
160 657 285
54 236 795
372 82 95
546 954 65
564 364 260
462 687 238
82 898 182
362 503 238
803 367 796
140 225 146
232 505 540
300 49 638
454 124 902
407 552 511
176 243 190
597 221 198
486 205 191
643 706 324
173 630 132
730 473 921
890 933 138
901 730 850
314 275 223
449 339 539
164 353 805
221 936 284
619 543 699
444 39 751
257 102 547
153 741 614
649 98 607
627 293 253
153 228 514
630 118 931
18 270 747
513 715 199
787 274 174
225 262 875
897 524 346
817 991 966
805 75 190
735 681 579
66 43 257
281 296 415
123 113 37
592 679 822
760 801 831
190 974 12
670 504 21
155 894 132
170 966 597
794 711 15
520 685 191
21 515 785
524 230 631
547 395 305
589 112 14
771 563 433
171 871 604
109 883 419
228 255 117
553 877 146
739 708 707
154 6 908
423 677 278
795 370 633
388 176 136
72 764 436
655 18 213
44 376 857
171 982 317
475 158 327
428 203 788
468 235 737
909 927 500
355 86 485
547 548 680
174 998 853
745 781 884
201 220 505
713 77 21
90 769 391
759 696 594
430 585 840
200 266 134
808 523 150
692 726 939
243 232 307
879 535 679
606 738 622
72 431 439
559 17 416
135 611 679
499 441 521
74 952 873
350 511 245
59 779 288
828 801 55
370 87 740
126 197 367
272 626 785
805 403 26
727 448 536
360 278 617
590 567 879
283 470 676
706 440 469
428 818 527
726 559 487
458 101 331
451 639 487
708 672 581
173 587 167
330 571 101
747 130 924
581 608 739
8 708 446
95 833 440
371 841 482
411 343 403
969 245 505
352 790 836
643 677 876
588 569 22
177 914 880
390 113 45
85 806 983
991 363 882
558 623 321
209 476 43
227 644 912
661 175 552
230 363 211
519 665 764
382 675 465
655 532 485
85 830 582
325 994 611
81 979 540
178 189 190
292 736 329
635 220 834
958 408 727
880 721 801
716 315 268
722 956 957
159 238 793
736 587 24
818 203 128
297 468 1000
248 929 852
545 907 801
274 644 332
440 376 60
347 420 460
66 573 787
809 67 817
979 213 796
804 751 870
476 328 19
286 145 216
690 17 838
743 373 413
203 458 55
682 885 331
543 121 304
391 310 825
242 858 234
112 665 386
705 207 688
641 298 729
134 31 393
62 296 63
249 531 248
480 15 252
885 48 308
180 781 500
387 212 816
3 108 514
464 467 976
292 638 555
486 558 878
308 773 129
141 82 131
548 978 759
966 638 131
401 121 677
106 891 697
817 904 570
600 469 703
865 2 231
438 695 278
789 521 182
992 770 912
152 156 409
289 101 909
266 544 664
359 371 886
771 809 129
695 408 520
47 360 610
344 533 745
211 268 229
832 703 256
946 686 456
500 314 470
532 964 966
283 708 902
583 121 566
411 811 927
501 410 344
571 488 682
584 62 392
86 942 274
902 966 488
857 244 307
486 272 290
603 978 124
469 366 888
971 915 543
168 415 898
15 249 934
193 47 712
133 359 101
17 775 259
570 406 128
131 225 710
839 65 185
415 851 947
102 655 829
906 365 375
983 13 119
369 443 639
361 116 319
294 417 334
887 702 939
345 980 29
405 257 12
992 423 565
329 278 968
507 478 75
157 553 536
792 474 410
17 489 894
637 219 215
874 28 395
679 531 827
508 218 200
424 94 727
685 355 733
662 554 861
399 942 86
926 57 314
568 793 273
319 807 523
817 505 816
28 474 782
920 316 280
579 234 530
13 69 387
585 16 131
957 389 231
243 137 893
770 722 392
504 522 456
844 196 570
611 322 517
229 587 571
916 480 750
867 456 393
572 137 1
209 782 241
18 78 162
950 494 283
762 444 247
468 142 404
419 549 583
745 704 995
654 532 834
837 812 731
802 91 235
591 216 888
845 741 5
204 332 53
410 445 9
954 822 280
136 241 894
602 764 869
821 732 223
738 222 622
837 889 727
50 738 828
257 941 849
763 93 34
367 789 497
184 335 122
979 516 110
689 734 890
634 518 891
328 751 247
873 651 802
678 648 215
50 281 18
33 923 881
51 455 332
624 715 738
516 654 33
970 489 509
154 883 737
484 426 904
676 233 219
53 745 475
772 457 513
198 339 675
793 104 902
515 508 444
198 893 624
525 854 58
607 45 315
832 217 62
268 971 120
457 331 803
4 549 564
272 760 19
165 923 253
16 999 191
621 722 261
976 563 910
498 659 785
993 480 830
514 53 206
201 417 103
690 349 585
983 743 620
799 768 384
842 925 864
646 922 153
746 550 164
605 490 119
581 95 704
858 983 436
226 131 499
657 171 183
524 490 592
358 926 927
588 219 111
35 938 242
4 494 763
657 871 550
217 354 560
754 884 528
10 391 850
648 928 838
780 107 167
854 927 177
237 118 976
607 954 406
492 675 502
254 839 816
363 102 243
406 725 960
587 979 103
83 936 392
944 178 476
861 198 413
277 759 65
797 316 355
603 157 55
323 103 560
388 896 216
262 991 192
435 899 758
571 607 353
227 321 467
876 849 790
546 966 666
456 315 605
344 144 907
778 123 655
191 916 715
412 548 628
855 963 978
201 461 607
569 567 506
115 882 348
148 342 753
379 622 109
122 933 684
366 722 588
160 866 310
577 12 49
490 97 497
453 267 948
575 264 653
463 222 15
661 922 973
908 142 883
177 886 782
316 312 980
214 739 437
938 701 785
823 138 551
238 550 422
213 203 174
357 836 375
631 981 810
446 811 520
574 310 330
906 984 812
555 426 401
215 428 879
68 459 275
877 484 610
382 423 120
941 912 879
869 937 189
532 427 680
736 316 763
20 586 850
647 388 398
249 306 832
571 722 969
967 922 642
658 676 632
32 452 428
30 925 816
915 623 749
71 136 706
141 892 510
185 958 83
764 177 865
33 239 115
755 966 430
130 218 681
198 910 312
906 71 192
536 286 607
399 663 534
774 34 182
297 106 871
653 836 108
812 401 695
218 740 825
242 414 156
725 239 303
94 656 802
262 645 392
966 444 947
99 697 234
688 333 555
201 124 991
307 268 878
858 19 314
397 268 213
168 144 530
870 646 497
175 690 377
527 44 88
922 972 209
671 908 452
594 553 787
927 445 359
612 73 107
278 207 776
214 920 924
821 802 581
557 239 542
284 704 556
221 429 137
146 864 265
637 533 374
28 689 465
351 321 652
907 429 750
410 67 44
866 899 805
188 997 123
640 685 687
51 341 290
76 481 412
960 141 475
188 489 954
793 194 996
911 420 85
816 565 729
431 705 251
219 62 905
285 800 291
323 3 138
610 260 197
482 916 419
501 160 98
394 925 893
842 997 12
628 127 59
395 878 532
627 668 534
449 649 157
644 753 432
193 902 211
778 200 964
608 486 633
410 524 186
541 771 337
225 733 972
672 894 222
96 537 266
404 866 174
451 637 775
322 245 216
29 111 437
878 887 105
596 287 931
621 368 480
885 111 809
348 61 250
3 576 222
584 871 675
65 796 519
294 146 334
322 657 120
864 932 494
739 63 274
913 105 660
621 200 986
563 901 520
253 507 863
296 698 311
714 626 817
533 470 7
307 557 942
562 528 676
368 464 608
106 539 351
534 496 728
772 890 902
212 145 126
908 205 999
795 863 322
96 636 183
792 969 643
799 946 373
515 108 25
909 719 897
197 671 33
642 882 509
781 1000 175
280 934 109
91 380 617
120 248 317
641 435 380
146 371 835
662 530 99
72 518 332
822 534 312
571 866 962
683 802 674
537 317 908
687 814 225
983 100 930
835 754 8
329 307 124
537 178 977
559 511 135
176 246 270
383 741 210
281 440 138
355 187 392
350 941 303
150 24 57
12 413 452
262 289 793
981 959 559
844 267 990
894 683 198
473 248 549
596 909 974
644 896 416
231 951 84
220 456 830
8 1000 489
192 955 857
556 338 520
89 379 585
469 510 914
522 425 919
75 639 12
683 89 565
244 546 319
332 813 511
497 687 336
687 195 324
527 555 329
365 919 196
847 657 7
968 146 277
872 263 830
999 150 476
522 780 879
848 329 928
625 281 762
438 576 371
698 673 72
997 576 395
576 808 337
819 864 907
150 228 428
498 731 939
730 160 81
985 368 739
438 99 97
919 35 390
474 318 94
303 55 518
713 298 996
995 595 264
281 567 470
7 389 927
57 45 422
768 558 764
992 946 190
173 133 211
84 734 875
103 79 549
428 615 676
602 162 607
428 760 985
580 794 597
458 166 687
635 765 795
193 517 598
973 426 517
124 172 589
549 574 846
486 949 470
246 778 653
627 107 12
739 801 811
866 103 212
608 335 765
709 897 979
67 748 940
352 700 486
979 750 732
465 748 905
845 182 301
617 449 886
432 819 441
273 979 38
285 402 724
776 997 839
659 586 824
871 440 9
330 661 966
679 67 620
784 298 246
123 292 706
575 76 669
457 537 968
805 950 487
421 530 922
625 690 360
367 314 41
912 38 983
110 168 472
994 752 778
991 736 342
729 542 503
740 610 294
741 14 632
154 173 532
354 213 915
590 672 195
722 738 876
606 435 92
542 442 769
981 795 610
795 215 286
68 825 295
431 370 731
28 804 723
159 712 69
226 401 125
732 853 279
617 629 784
269 885 746
347 535 66
514 610 246
69 27 443
485 565 85
21 460 418
521 103 148
504 626 831
124 973 603
876 643 671
241 710 39
489 595 164
557 176 391
582 810 561
478 813 314
781 299 647
312 847 448
800 501 933
218 501 323
230 277 250
52 604 403
815 31 1
833 86 220
582 195 880
783 834 865
1 498 584
649 17 710
772 176 692
90 591 187
308 512 857
675 406 403
223 576 667
38 237 133
519 489 269
236 991 893
361 35 278
571 485 24
729 815 441
225 181 515
781 351 157
937 765 108
224 408 280
2 665 52
572 862 553
991 92 141
3 908 565
837 438 494
405 551 449
524 52 44
345 423 680
374 14 351
964 888 335
435 96 768
507 640 871
316 259 701
548 843 300
28 199 974
416 506 671
974 207 235
904 8 250
120 871 462
449 706 179
951 53 204
7 507 792
268 557 719
924 482 541
824 866 260
270 382 900
809 252 582
101 316 779
189 639 492
811 369 628
994 932 930
673 554 380
626 113 974
543 688 286
783 846 875
285 45 43
157 26 649
524 438 825
641 22 819
472 316 131
159 17 175
999 152 172
447 296 149
500 463 300
839 296 172
952 333 973
631 574 92
914 931 734
686 141 584
928 59 228
720 872 206
983 712 716
874 508 193
474 572 746
15 789 410
122 873 682
844 642 930
942 138 597
143 306 15
176 259 890
764 997 720
178 432 653
806 674 975
858 992 43
776 243 341
762 339 148
925 37 370
141 430 252
176 89 197
306 192 354
744 787 951
922 451 136
836 293 393
953 103 846
398 235 880
752 659 762
489 438 26
424 415 148
282 863 780
391 285 435
993 466 392
524 99 59
634 707 427
998 145 962
530 545 850
225 620 327
687 54 421
808 454 356
25 408 447
696 456 951
558 576 43
138 290 28
80 681 877
490 292 160
6 597 457
9 371 597
973 393 114
229 853 754
146 521 98
498 85 158
636 666 217
479 508 57
32 788 462
274 676 30
599 539 655
545 779 511
642 273 530
207 668 136
203 756 390
550 770 593
860 914 143
646 350 536
335 279 640
12 742 543
343 742 292
495 741 519
320 4 927
114 891 320
277 878 279
975 57 643
791 468 172
723 800 221
701 316 545
925 483 699
343 640 846
147 860 452
648 486 833
423 378 395
737 419 604
584 888 321
677 946 923
965 924 67
58 166 830
27 476 945
825 874 385
702 272 244
102 435 800
207 765 919
730 257 59
26 355 710
694 619 896
240 774 755
758 447 826
240 416 516
7 892 970
352 381 543
294 370 667
762 821 465
956 326 145
255 857 188
432 895 825
214 715 720
726 109 816
393 410 653
796 272 562
150 957 206
306 197 8
805 441 122
838 533 711
995 365 579
748 625 244
643 106 592
486 216 709
901 211 225
578 828 123
958 878 704
564 531 64
446 558 932
394 572 717
243 492 653
487 597 354
816 935 643
984 763 217
200 730 298
326 54 24
637 970 879
770 600 69
448 720 988
743 544 574
694 592 450
462 318 495
782 382 379
152 447 675
414 731 785
110 836 515
945 606 168
500 210 830
952 489 333
265 502 485
376 803 442
568 498 938
685 492 550
77 993 281
558 715 216
277 27 176
115 864 290
107 725 224
304 963 774
576 889 155
115 54 269
219 830 485
829 170 898
936 188 1
171 208 41
177 755 688
317 872 103
502 504 776
828 309 920
848 612 585
773 7 941
611 702 502
244 918 64
869 85 401
393 25 791
790 984 989
134 145 759
382 64 221
259 251 445
508 924 781
608 742 736
828 771 900
100 410 362
717 158 908
823 120 733
29 262 155
962 541 369
259 563 275
631 389 20
870 760 693
889 835 276
541 483 394
381 321 991
249 2 464
317 317 902
373 486 278
128 398 111
155 996 685
110 590 498
806 739 897
173 392 961
857 655 447
277 801 995
89 310 98
507 712 541
826 331 863
503 507 766
353 592 542
927 502 891
215 730 775
159 523 301
948 764 775
921 428 175
682 821 613
938 886 357
517 87 859
798 648 342
69 846 890
821 415 130
607 104 351
920 641 585
868 438 363
257 829 546
724 488 756
747 349 322
316 96 438
467 998 512
366 668 90
177 314 237
340 949 320
285 973 794
412 41 748
633 987 345
804 370 238
17 744 877
409 623 404
100 541 520
757 823 314
88 12 632
433 73 119
249 777 915
137 682 904
342 140 615
525 36 563
65 452 890
524 68 489
640 246 577
320 807 344
837 908 314
819 146 863
49 712 340
770 114 212
670 133 328
947 94 801
281 211 135
44 490 603
318 941 278
715 335 80
679 357 640
148 236 573
790 115 675
6 215 674
873 805 752
618 632 769
464 62 904
235 148 431
458 250 380
700 152 226
782 325 513
630 698 689
380 116 934
511 26 817
851 522 361
676 751 153
374 135 868
838 139 363
40 300 225
131 991 359
983 276 623
831 476 387
530 773 682
367 777 337
892 657 206
931 385 58
787 960 233
732 361 79
87 403 812
541 480 301
29 326 899
903 928 341
225 314 800
526 951 23
887 618 858
199 922 866
162 30 579
72 378 944
521 858 798
244 62 80
702 48 896
665 435 461
834 872 208
725 923 429
171 859 896
649 299 42
853 490 779
984 985 720
536 851 603
63 192 549
456 814 396
588 903 559
768 846 78
641 664 931
765 82 197
195 267 696
80 482 305
474 501 320
620 874 156
158 543 6
829 294 792
607 554 762
649 778 481
264 226 902
553 101 869
740 829 895
835 989 856
743 333 217
464 519 468
540 781 568
29 814 444
232 632 131
263 410 344
976 799 237
448 343 933
402 299 709
205 672 725
570 76 978
672 400 979
908 882 159
676 410 965
809 877 962
206 722 795
762 251 930
585 61 975
462 809 626
31 947 170
245 434 909
675 267 508
359 999 288
740 211 897
475 935 589
681 628 508
755 520 748
778 768 112
878 638 953
520 29 26
535 911 879
754 751 382
848 776 550
115 841 59
144 755 715
507 179 744
919 897 111
291 687 85
274 828 842
335 17 888
28 690 673
322 452 845
343 949 427
92 780 560
994 151 910
123 10 698
723 129 833
333 871 759
132 12 279
516 952 329
358 529 734
648 913 403
623 468 367
151 867 288
211 741 16
697 196 592
705 738 412
77 917 607
616 290 26
383 808 905
217 948 880
84 187 508
926 563 53
677 309 788
960 412 425
707 957 207
659 851 535
308 400 163
792 809 205
116 9 470
701 130 260
352 295 217
820 559 273
850 24 130
394 918 427
729 823 146
944 491 996
539 164 841
885 676 92
162 693 422
649 761 686
432 945 69
746 847 64
303 331 487
359 81 278
154 451 949
693 617 649
491 636 89
721 447 492
240 64 186
175 952 443
960 611 226
752 691 419
919 207 230
897 339 658
620 193 603
841 1 674
392 57 217
446 261 493
920 893 190
197 538 948
937 582 220
676 337 402
874 928 936
538 738 126
141 369 897
34 159 867
261 296 849
926 507 97
766 928 570
951 966 593
400 812 170
882 675 200
228 462 642
466 123 200
749 753 806
181 434 738
974 732 626
669 769 99
803 228 108
939 159 580
417 366 93
303 930 928
143 392 236
45 851 120
31 337 94
937 885 166
814 746 993
561 598 330
579 725 608
984 353 829
358 114 799
476 465 228
826 391 422
812 873 573
190 324 701
718 588 887
571 634 221
696 184 411
507 631 108
734 794 709
282 134 127
242 775 122
269 365 953
943 762 372
826 17 177
404 197 806
33 3 232
747 903 732
770 499 287
44 599 133
297 555 10
782 570 236
882 120 551
992 896 649
625 639 352
654 398 497
374 297 140
733 339 440
708 504 1000
273 164 696
930 475 885
873 367 630
774 256 295
830 961 590
335 500 693
999 418 78
339 939 577
975 605 949
309 962 84
394 681 35
41 300 853
623 926 752
745 229 813
349 903 389
209 447 669
720 93 490
401 887 250
106 245 625
108 106 661
872 543 292
110 859 270
689 834 753
620 553 561
292 439 916
162 12 609
818 90 622
937 273 12
68 745 573
3 422 241
549 628 42
429 820 606
136 186 812
902 49 999
602 719 994
618 710 471
459 304 161
584 285 784
92 676 74
42 422 802
239 348 438
9 120 454
570 282 563
343 744 804
544 927 731
914 903 303
137 639 802
805 738 852
413 876 579
689 979 652
235 619 875
454 893 317
835 394 408
506 155 972
444 153 581
101 510 402
283 358 653
577 658 922
246 697 174
972 253 218
631 991 333
917 826 333
546 935 690
858 933 669
928 521 687
976 48 583
9 929 95
935 908 142
954 294 189
869 897 744
451 376 956
235 4 489
212 442 220
888 805 284
480 188 290
191 674 935
610 502 270
492 690 563
900 61 163
929 502 448
837 849 933
914 892 695
576 79 922
686 93 376
541 482 122
38 346 860
189 334 10
51 603 886
884 56 679
471 604 899
395 3 179
157 275 689
222 981 808
758 931 487
691 238 569
554 435 916
895 89 368
654 536 788
288 461 654
376 19 147
69 644 810
894 801 989
709 268 275
837 269 623
447 647 663
419 177 206
498 309 130
726 771 247
325 339 111
521 671 465
208 274 502
364 428 504
513 881 51
92 153 301
727 257 375
484 544 342
126 740 361
498 705 764
5 872 752
695 591 699
767 21 496
444 320 699
433 241 283
818 772 472
810 14 454
37 474 536
688 1000 23
294 574 19
670 409 103
698 41 911
751 651 703
883 409 352
554 282 745
771 773 766
929 897 742
448 458 130
272 18 869
97 788 67
426 431 305
390 450 532
193 109 352
752 470 410
901 407 477
647 20 780
345 375 466
495 220 444
482 193 154
361 217 207
118 859 941
318 744 580
11 823 287
544 890 475
148 876 42
120 743 859
417 516 983
811 911 569
364 600 544
442 502 215
210 781 555
70 647 289
893 602 413
658 947 768
365 243 586
304 489 412
250 887 601
716 901 620
215 528 302
421 626 812
791 211 448
441 654 164
344 744 280
991 631 838
109 165 744
809 23 398
17 610 974
225 436 139
245 633 148
955 243 244
449 336 26
893 653 988
276 205 495
803 359 573
760 963 486
255 37 181
859 78 60
683 201 203
58 107 551
361 364 75
706 931 5
765 73 325
663 325 135
89 141 680
284 315 17
112 637 86
682 390 190
248 632 7
997 51 107
889 817 998
640 519 523
20 485 644
491 715 208
765 182 544
522 314 134
169 738 238
899 74 392
724 577 260
870 61 274
531 190 623
205 255 104
792 534 806
122 540 769
791 830 259
985 898 846
431 918 303
843 164 919
468 382 264
203 146 262
805 718 234
652 397 338
756 772 574
428 721 117
278 857 962
497 704 121
775 361 15
339 101 675
659 889 346
606 114 716
458 720 537
795 120 109
90 465 877
11 184 669
492 868 473
333 618 763
100 13 936
50 379 493
395 164 594
313 621 983
633 925 429
204 958 352
213 913 375
296 674 78
351 567 985
120 766 237
832 531 854
94 203 867
787 172 465
588 18 776
806 704 742
333 969 97
183 478 904
616 948 474
651 45 674
212 591 512
53 536 893
360 14 874
2 498 830
633 575 884
387 637 475
698 616 141
512 368 730
572 115 577
992 564 832
176 930 467
70 958 789
358 71 163
805 411 283
672 589 755
205 804 28
568 806 861
152 171 400
105 759 114
902 590 251
64 154 783
766 813 14
640 151 63
88 204 91
841 672 316
168 883 515
291 909 786
573 360 110
481 731 516
303 360 383
485 727 397
767 834 7
736 615 711
642 868 878
635 839 842
319 864 229
519 418 339
712 818 850
101 969 519
279 929 338
415 279 295
441 683 808
416 116 806
898 291 255
219 827 727
498 104 746
482 695 401
736 826 914
504 76 722
234 963 806
559 943 622
374 91 444
435 94 202
198 367 181
308 773 959
302 106 852
698 768 843
972 353 815
753 246 996
291 600 200
119 751 439
910 710 820
147 573 628
423 520 997
842 153 353
469 157 582
746 92 705
569 123 797
965 909 8
769 223 62
615 420 986
537 258 601
877 834 237
927 166 45
282 200 199
103 59 175
279 237 280
818 748 165
930 393 455
260 63 958
193 863 383
469 29 38
589 318 173
694 643 856
114 423 55
64 486 381
794 514 948
210 692 39
299 172 448
777 503 786
277 459 688
693 255 484
567 877 59
773 726 818
379 504 463
236 225 324
760 941 430
831 21 733
317 635 838
734 60 452
179 929 363
24 110 920
857 88 688
822 715 551
902 916 965
808 669 614
830 821 924
797 39 261
513 950 613
429 158 667
119 19 21
40 922 351
330 512 11
162 104 393
956 643 687
70 355 960
349 668 263
570 426 567
965 733 600
221 690 814
666 779 249
261 724 455
135 237 604
734 814 914
456 94 535
450 72 423
843 407 277
958 804 692
723 466 55
430 386 122
477 429 243
550 578 59
449 190 613
428 661 216
98 271 847
806 860 12
898 182 623
158 928 724
317 483 653
773 126 329
208 213 22
251 615 988
202 13 211
13 243 540
612 887 430
722 774 231
155 8 780
461 693 708
467 726 321
414 299 370
498 662 257
503 796 896
56 470 720
50 794 372
640 829 578
580 116 10
195 682 299
759 878 899
22 346 456
636 385 62
586 432 227
916 958 910
321 923 150
434 470 586
606 699 165
726 757 885
730 136 232
992 526 296
201 736 545
384 686 878
37 178 220
807 105 907
661 412 539
996 24 922
290 295 984
874 674 535
359 531 49
195 933 207
186 220 763
44 240 157
573 788 621
619 216 335
195 172 112
591 211 725
118 36 221
407 495 761
767 969 208
79 121 700
272 288 984
307 663 495
281 257 998
454 833 720
903 992 530
39 519 88
753 51 184
18 878 178
564 369 4
148 902 384
729 26 923
716 280 508
538 825 117
69 1000 413
25 386 151
586 879 859
16 920 933
401 518 634
775 353 845
992 760 831
355 205 395
39 718 882
18 647 110
906 164 769
84 647 364
696 147 525
511 545 901
390 639 533
961 790 230
235 156 607
68 419 486
64 373 856
951 393 261
957 874 139
110 484 144
894 211 907
152 746 437
193 165 945
110 615 433
917 532 617
241 639 777
487 600 384
960 159 544
379 962 542
870 522 610
207 774 32
742 147 672
87 168 762
961 555 243
224 396 351
473 619 306
494 388 484
8 117 116
116 649 343
657 681 987
656 826 650
494 695 485
183 58 453
951 700 904
331 750 111
860 956 813
312 953 30
760 497 334
351 841 222
576 309 770
831 888 974
884 780 518
497 391 960
742 45 771
944 2 673
999 598 144
196 584 865
942 550 636
559 747 470
638 158 799
981 845 16
549 506 953
661 688 736
230 293 397
197 116 294
728 125 709
250 881 903
553 397 263
877 111 806
725 458 981
468 253 47
777 739 491
582 633 310
843 387 888
407 310 79
210 965 944
983 722 974
245 973 689
125 70 213
634 13 831
667 76 415
35 643 120
608 545 896
563 535 216
714 678 165
777 154 12
270 981 991
228 311 727
366 768 217
442 509 541
669 398 977
404 55 167
121 240 640
623 210 121
703 966 124
960 376 175
21 220 776
92 341 844
520 124 178
534 936 620
469 520 365
76 636 645
701 603 281
394 491 878
419 649 903
949 779 982
184 422 578
800 308 927
209 466 423
14 33 931
498 307 173
146 566 288
724 750 225
759 907 958
992 845 947
996 550 182
518 647 908
521 320 689
250 365 220
414 324 820
924 710 680
599 989 349
447 842 922
177 754 442
464 427 80
300 818 514
13 143 933
676 277 477
111 327 473
910 212 127
96 974 441
56 818 824
429 175 289
251 972 580
905 620 166
651 634 99
656 523 756
706 761 677
890 148 343
889 873 67
474 398 323
989 242 962
431 703 293
793 12 178
220 656 622
261 910 132
175 179 917
382 730 439
24 378 292
933 776 289
907 427 47
372 460 688
813 849 904
115 757 491
247 991 72
301 336 726
41 191 326
483 657 116
679 837 891
859 362 9
2 173 751
350 113 78
604 439 244
416 572 173
286 908 194
211 306 683
271 766 653
36 656 36
460 326 68
324 50 88
925 631 213
462 908 589
610 671 26
155 453 94
332 379 486
806 998 597
761 937 676
365 292 762
141 173 582
41 457 252
102 152 444
135 665 812
371 55 689
654 103 827
426 818 872
935 486 831
211 989 108
472 287 668
181 51 860
774 39 568
893 670 397
724 24 97
447 847 156
356 717 418
154 223 282
725 367 969
95 984 257
540 389 664
167 513 295
469 70 263
216 178 681
785 201 132
177 710 13
926 838 565
976 940 140
423 437 759
249 535 567
385 198 408
707 393 101
135 292 705
666 377 95
182 684 733
296 288 54
941 884 219
713 377 265
84 125 356
139 296 48
851 912 506
277 140 230
275 200 995
579 31 953
163 493 557
791 115 380
991 448 302
645 788 638
184 64 602
652 190 772
751 241 597
49 474 372
749 494 662
65 183 708
143 106 981
523 623 610
154 364 163
326 386 14
274 725 842
69 62 66
171 480 742
871 379 881
2 771 869
99 409 551
18 751 552
14 736 431
596 76 538
679 306 297
328 9 516
877 368 424
455 958 861
543 387 999
431 66 155
636 139 781
109 611 213
228 892 133
107 763 732
382 419 367
349 840 576
244 860 255
169 25 590
489 131 73
847 180 752
635 419 532
48 36 626
381 175 107
217 862 390
430 22 743
38 291 804
612 123 937
616 42 118
680 699 762
397 14 946
292 199 908
330 205 626
728 488 324
472 572 864
10 890 175
963 400 403
923 767 909
504 599 138
215 549 181
62 522 620
910 780 935
91 117 618
503 915 858
566 161 136
256 128 488
222 808 19
848 144 23
525 666 335
878 976 238
889 537 615
384 71 834
484 39 676
478 825 450
339 416 630
403 360 541
587 152 82
736 158 144
359 263 415
228 776 486
186 902 95
970 181 909
335 760 627
481 594 655
616 709 560
68 22 51
263 724 7
964 174 199
84 831 303
299 429 346
532 431 330
951 985 385
170 761 538
730 49 7
254 296 775
352 556 4
519 432 893
854 974 594
819 269 5
246 928 771
679 413 386
393 703 227
70 671 876
547 890 846
790 545 383
730 974 860
919 554 401
827 995 889
190 282 576
386 632 981
579 464 861
692 899 44
336 55 558
162 180 980
606 350 466
119 477 267
237 49 943
804 988 612
472 79 783
749 854 518
110 955 599
680 559 392
942 728 998
22 818 948
849 179 519
241 589 472
657 668 707
982 78 516
263 114 924
278 163 51
604 537 159
273 421 404
244 592 235
549 729 501
145 260 541
209 700 422
246 140 506
910 882 292
780 977 19
757 112 400
928 419 322
76 931 134
243 605 973
781 970 515
536 663 67
81 494 469
69 95 190
452 769 951
912 786 279
74 249 687
491 268 496
726 584 437
849 995 123
697 922 87
724 163 397
930 968 381
838 536 323
595 981 992
116 897 765
913 193 65
214 605 445
154 169 251
743 917 539
567 117 314
155 277 80
395 94 982
697 39 51
394 5 18
147 599 685
138 299 296
609 733 149
938 286 850
908 915 230
485 431 587
903 535 855
296 934 181
844 60 29
151 501 666
667 364 183
442 235 748
25 664 464
766 557 204
255 60 952
45 253 635
158 351 859
655 24 727
495 623 903
892 669 797
142 849 709
929 627 640
991 478 270
457 237 612
141 875 751
936 735 610
101 233 319
874 288 956
84 27 514
355 959 997
16 41 580
382 772 609
213 642 872
599 483 682
488 855 878
752 407 150
271 218 605
206 92 733
191 397 812
59 591 375
508 688 630
323 777 346
879 900 950
151 422 297
768 60 553
911 480 891
478 286 465
652 909 81
548 527 495
922 336 632
567 981 245
996 231 139
275 924 63
594 814 896
186 739 813
950 313 29
163 603 684
912 805 800
933 452 334
113 520 155
672 890 361
140 371 514
772 897 811
245 898 852
284 861 331
309 425 817
727 287 111
992 673 276
667 495 446
46 763 370
818 704 187
920 741 44
822 626 596
222 400 77
42 432 578
589 721 839
534 68 67
830 11 188
486 378 547
209 992 887
187 203 102
161 370 682
947 324 38
203 744 184
252 827 463
623 182 113
916 609 954
752 382 939
288 572 394
667 828 286
425 831 693
75 475 262
829 778 836
606 195 909
414 840 389
543 671 386
17 256 637
883 86 789
31 188 638
91 829 37
943 476 915
334 875 403
274 31 292
749 807 185
972 666 272
463 724 218
956 903 811
867 299 142
218 42 454
755 189 407
384 602 516
710 173 684
291 699 762
404 839 478
805 886 250
183 606 3
521 412 454
568 492 49
710 312 757
479 868 646
645 512 578
688 987 18
224 769 238
962 827 534
438 555 85
131 717 199
702 166 468
164 75 764
491 467 911
770 465 13
800 471 605
887 931 841
452 376 634
541 284 217
357 555 408
676 447 713
261 703 706
566 532 851
581 10 746
272 101 877
220 892 322
133 247 36
284 52 358
634 285 784
733 511 865
285 958 946
771 184 738
714 529 573
107 561 204
124 159 641
641 439 23
75 355 440
945 254 12
528 507 277
369 651 89
149 326 522
648 645 946
768 812 806
172 2 935
949 326 57
139 542 585
482 762 627
826 960 580
862 579 927
817 972 389
356 431 762
644 516 622
388 475 986
346 275 866
885 649 151
805 825 830
966 687 244
141 788 975
396 999 435
450 656 96
252 857 948
736 471 884
729 215 504
102 420 709
979 3 934
697 408 112
740 647 930
322 415 55
437 890 518
324 574 479
267 274 832
133 844 788
884 805 611
813 192 188
792 237 795
440 845 950
600 728 18
208 937 635
666 681 94
132 461 177
903 453 368
862 294 122
218 107 704
327 753 454
61 100 116
306 93 655
298 98 14
979 939 399
52 857 581
388 688 644
658 615 605
617 175 259
862 38 688
412 355 66
803 531 590
54 10 723
801 363 653
19 115 972
311 845 131
220 263 358
19 147 371
502 584 613
424 986 473
644 629 465
55 335 784
324 204 507
921 106 871
433 254 106
238 352 382
138 981 581
498 199 598
903 1 902
305 8 299
683 631 9
17 992 809
837 706 697
663 530 897
501 741 899
357 479 128
849 393 909
506 26 285
801 274 491
244 383 720
602 969 574
783 983 195
458 348 741
96 633 438
971 817 997
414 488 738
769 401 502
718 224 99
38 72 10
71 796 397
784 108 820
512 306 18
29 37 599
726 606 858
773 873 758
859 882 912
624 854 570
616 127 798
953 176 790
291 723 652
252 818 146
470 781 761
345 831 852
318 887 255
224 649 341
954 828 102
483 980 124
375 520 437
853 674 401
176 388 823
492 321 602
237 245 365
302 229 41
823 235 110
225 504 243
339 449 302
732 154 562
457 35 191
916 706 887
984 912 332
95 762 989
559 134 444
665 842 589
178 635 74
42 317 863
833 80 481
793 720 263
759 685 671
29 636 406
668 213 666
30 131 639
653 470 486
449 833 886
741 84 786
183 231 913
443 943 625
774 147 957
646 60 189
621 208 243
32 526 678
360 23 570
854 909 25
78 93 225
626 731 461
619 979 397
886 33 825
418 521 293
554 644 928
307 621 874
210 740 145
628 797 471
190 86 501
488 852 79
781 153 113
